0 0.04563321357075785 0
1 0.13689964071227356 0
2 0.22816606785378926 0
3 0.31943249499530496 0
4 0.41069892213682063 0
5 0.50196534927833636 0
6 0.59323177641985214 0
7 0.68449820356136792 0
8 0.77576463070288371 0
9 0.86703105784439938 0
10 0.95829748498591505 0 
11 1.0495639121274307 0
12 1.1408303392689463 0
13 1.2320967664104621 0
14 1.3233631935519778 0
15 1.4146296206934936 0.0054308901595933358
16 1.4950342675158228 0.0076346445284577588
17 1.5656005154408297 0.0082719370021173515
18 1.6272575338900599 0.0081681203353458527
19 1.6808502486707158 0.0077317165205763498
20 1.7271476507455645 0.0071631908397879638
21 1.7668503876614137 0.0065594301061048556
22 1.8005974552048412 0.0059658845316293051
23 1.8289721837911148 0.0054026082901871188
24 1.8525075803286435 0.0048772516393949172
25 1.8716910818775694 0.0043915085098147899
26 1.8869688180462607 0.0039443317310181251
27 1.8987493992627307 0.0035334959035873375
28 1.9074073204030442 0.0031563751648147412
29 1.9132859871173156 0.0028102968840120531
30 1.9167004352283772 0.00249271410737141
31 1.9179397520087083 0.0022012675073453734
32 1.9172692478817199 0.0019338086798979773
33 1.9149323939022813 0.001688398522712118
34 1.9111525515573164 0.0014632941395211106
35 1.9061345194560217 0.0012569398051361497
36 1.9000659018839756 0.0010679446228540777
37 1.8931183348713574 0.00089507984824896598
38 1.8854485527850955 0.0007372528430880888
39 1.8771993448609066 0.00059351474720350519
40 1.8685003602853987 0.00046303010721067118
41 1.859468830242673 0.00034509815852276507
42 1.8502101339901125 0.00023911320358233957
43 1.8408183094889101 0.00014460818342411624
44 1.831376381824442 6.1186525086087126e-05
45 1.821956689293226 -1.1352422811135044e-05
46 1.8126208881327182 -7.329456462555522e-05
47 1.8034203236786503 -0.00012529035403409673
48 1.7943970453680254 -0.00016808512140372009
49 1.7855846469461736 -0.00020250947381788363
50 1.7770091823505538 -0.00022938329855081373
51 1.7686899748782179 -0.00024952693451289434
52 1.7606404379763569 -0.00026371363734930463
53 1.7528688014146816 -0.0002726861321023595
54 1.7453788234798617 -0.00027712836749354132
55 1.7381704161479266 -0.00027768262338152822
56 1.7312402456952607 -0.00027493088069485542
57 1.7245822543806033 -0.00026941118224824644
58 1.7181881545497475 -0.00026160449553121781
59 1.7120478525277061 -0.00025194991267774974
60 1.7061498458354887 -0.00024083486803485666
61 1.7004815589666631 -0.00022860906849569949
62 1.6950296553667941 -0.0002155768113454544
63 1.6897802963211204 -0.00020200962510757116
64 1.6847193797143165 -0.00018813993985308084
65 1.6798327333621113 -0.00017417248494825028
66 1.6751062920399495 -0.00016027884081470313
67 1.670526235914469 -0.00014660766631916945
68 1.6660791162808122 -0.00013327988343872499
69 1.6617519487477135 -0.00012039782080810164
70 1.6575322969727921 -0.00010804083751764608
71 1.653408329052098 -9.6273550060080104e-05
72 1.6493688673940066 -8.5141765640807973e-05
73 1.6454034157171367 -7.4679934051468571e-05
74 1.6415021821427287 -6.4907347003466631e-05
75 1.6376560833282763 -5.5834907522180391e-05
76 1.633856746981865 -4.7461621132318355e-05
77 1.630096498970196 -3.9780866245675358e-05
78 1.6263683510698861 -3.2777064500228178e-05
79 1.6226659764323308 -2.6431291207210623e-05
80 1.6189836873126897 -2.0718018394436772e-05
81 1.6153164029386302 -1.5610182103309467e-05
82 1.6116596209103831 -1.1076025831542873e-05
83 1.6080093807516957 -7.0837044110005239e-06
84 1.6043622319759989 -3.5981864322386113e-06
85 1.6007151958687558 -5.8548495241135762e-07
86 1.5970657325449853 1.9903794261635254e-06
87 1.5934117029774102 4.1635246228278949e-06
88 1.5897513367400153 5.969146326902466e-06
89 1.5860831957345898 7.440005367210367e-06
90 1.582406143864757 8.6092807562426461e-06
91 1.5787193134387789 9.5073391134483654e-06
92 1.5750220776153303 1.0164524795624093e-05
93 1.571314020081404 1.0608164032577949e-05
94 1.567594910744208 1.0865280077747246e-05
95 1.563864679010889 1.0959810565675054e-05
96 1.5601233929365166 1.0915243604426918e-05
97 1.5563712361855009 1.0752023006205917e-05
98 1.552608490632077 1.0490094138338456e-05
99 1.5488355169133827 1.014646512186031e-05
100 1.545052740358583 9.7376777066622597e-06
101 1.5412606349134919 9.2775138373681229e-06 
102 1.5374597121184324 8.7793545285532993e-06 
103 1.5336505081281533 8.2540278278712965e-06 
104 1.5298335754367471 7.7120712238014149e-06 
105 1.5260094726307212 7.1616863728331811e-06 
106 1.5221787585231734 6.6109163354468261e-06 
107 1.5183419842693278 6.0656860750087734e-06 
108 1.5144996895596674 5.5319013675731888e-06 
109 1.5106523967333467 5.0135640542704178e-06 
110 1.5068006086802852 4.5147858923454738e-06 
111 1.5029448046194933 4.0379941942692523e-06 
112 1.4990854393562052 3.5858347913733282e-06 
113 1.4952229404175286 3.1594678456161332e-06 
114 1.4913577083779521 2.7603783787204032e-06 
115 1.4874901150494637 2.3887337264479723e-06 
116 1.4836205046319009 2.0451302836312009e-06 
117 1.4797491926874975 1.728996837971307e-06 
118 1.4758764678797018 1.440268858085028e-06 
119 1.4720025915310277 1.1778465773976259e-06 
120 1.4681277997580569 9.4119881469901852e-07 
121 1.4642523034340342 7.2887722710188017e-07 
122 1.460376290554372 5.4005338426757063e-07
123 1.4564999264451686 3.730726210732887e-07 
124 1.4526233562441071 2.2693425031986483e-07 
125 1.4487467052471661 9.9887792861615494e-08 
126 1.4448700814088897 -9.1285704393366524e-09 
127 1.440993575715547 -1.0186671702800032e-07
128 1.437117264627068 -1.7938688973915373e-07
129 1.4332412104456513 -2.4337598213225724e-07 
130 1.4293654636293092 -2.9482622306694526e-07 
131 1.4254900630894312 -3.3532910197619583e-07 
132 1.421615038381534 -3.6576687659194259e-07
133 1.4177404098782882 -3.8759473553208817e-07 
134 1.4138661907976369 -4.0157854378257939e-07 
135 1.4099923872793376 -4.0902407439275361e-07 
136 1.4061190002306434 -4.105607178248689e-07 
137 1.4022460252793105 -4.0734055367289588e-07 
138 1.398373454448367 -3.9985925745580075e-07
139 1.3945012759953848 -3.8911564156378349e-07 
140 1.3906294759144282 -3.7547599182607607e-07 
141 1.3867580376698139 -3.5979868604469865e-07 
142 1.3828869435465798 -3.4233046002354762e-07 
143 1.3790161742855795 -3.237967985875127e-07 
144 1.3751457102877167 -3.0433586545654411e-07 
145 1.371275531164786 -2.8456224942578219e-07
146 1.3674056168304887 -2.6451605295821382e-07 
147 1.3635359469660482 -2.4471402815683733e-07 
148 1.3596665020136112 -2.2511733327626383e-07 
149 1.3557972625818122 -2.0615660158824e-07 
150 1.3519282103458834 -1.877305147077673e-07 
151 1.3480593274143824 -1.7019684354075802e-07 
152 1.3441905971460537 -1.5340364264589427e-07 
153 1.3403220034881669 -1.3765092665307364e-07 
154 1.3364535317284907 -1.2274594656044792e-07 
155 1.3325851678097809 -1.0895056746610763e-07 
156 1.3287168990462597 -9.6041492594549318e-08 
157 1.3248487134151561 -8.4239625769530724e-08 
158 1.3209806002218112 -7.3304342621270294e-08 
159 1.3171125493975258 -6.343256808337347e-08 
160 1.3132445521340339 -5.4372583518058211e-08 
161 1.3093766001831408 -4.6299454415155202e-08 
162 1.3055086864585732 -3.8958497736179946e-08 
163 1.3016408043515466 -3.2509691623545761e-08 
164 1.2977729483054057 -2.6700113936504988e-08 
165 1.2939051131498007 -2.1683953017235571e-08 
166 1.290037294661988 -1.7200090523973556e-08
167 1.2861694888904034 -1.3396931438179729e-08 
168 1.2823016927125912 -1.0032178850596215e-08 
169 1.2784339032022052 -7.2465927630075652e-09 
170 1.2745661181528261 -4.8032916379533175e-09 
171 1.2706983354634374 -2.8422768979181412e-09 
172 1.2668305536553106 -1.1309048378008028e-09 
173 1.2629627712667166 1.8428629007888675e-10 
174 1.259094987378645 1.3289178804214693e-09
175 1.255227201017024 2.1551333313316586e-09
176 1.2513594116740541 2.8796315416802521e-09 
177 1.2474916187269542 3.3524276709456663e-09 
178 1.2436238219546307 3.7830836854606481e-09 
179 1.2397560209685674 4.0207642365145226e-09 
180 1.2358882157240594 4.2626807287826724e-09 
181 1.2320204059749542 4.3540725857128707e-09 
182 1.2281525917803846 4.489111529199946e-09 
183 1.2242847729616644 4.5116147985500158e-09 
184 1.220416949608826 4.6061861638709129e-09
185 1.21654912155523 4.6129286666737552e-09
186 1.2126812888819629 4.7070507001626411e-09 
187 1.2088134514075231 4.7352584700981426e-09 
188 1.2049456091696169 4.865283564787968e-09 
189 1.2010777619364024 4.9360583507581597e-09 
190 1.1972099096963544 5.1111011714434541e-09 
191 1.1933420521701628 5.2365163798019449e-09 
192 1.1894741892820395 5.4663555930049852e-09 
193 1.1856063206977212 5.6457096670428503e-09 
194 1.1817384462883394 5.9223690648932664e-09 
195 1.1778705656799289 6.1405304392956057e-09 
196 1.1740026787128264 6.4528296267982805e-09 
197 1.1701347849805952 6.7038208694666774e-09 
198 1.1662668842935522 7.0349236717947164e-09 
199 1.1623989762404825 7.2976965989090111e-09 
200 1.1585310606269432 7.6291027291885846e-09 
201 1.154663137052895 7.8828074850636278e-09
202 1.1507952053423347 8.192469958523178e-09 
203 1.146927265129642 8.4139278084094492e-09
204 1.1430593162815639 8.6830323462365833e-09 
205 1.1391913584813489 8.8585228756385601e-09 
206 1.1353233916471202 9.0718199445739133e-09 
207 1.1314554155277743 9.1851664363308074e-09 
208 1.1275874301099156 9.331506680313479e-09 
209 1.1237194352142101 9.3689214775725586e-09 
210 1.1198514309121683 9.436542220000807e-09 
211 1.1159834171059635 9.3981995469675417e-09 
212 1.1121153939399018 9.3831654296576958e-09 
213 1.1082473614057089 9.2642727063686641e-09 
214 1.1043793197261358 9.1661687768919933e-09 
215 1.1005112689784979 8.96904703814743e-09 
216 1.0966432094589349 8.7978519557686289e-09 
217 1.0927751413127149 8.5311079438784045e-09 
218 1.0889070649021311 8.2924793351023122e-09 
219 1.0850389804376965 7.9653298498282332e-09 
220 1.0811708883350817 7.6715717685169682e-09 
221 1.0773027888546531 7.2989849127204032e-09 
222 1.0734346824478265 6.9679661578822321e-09 
223 1.0695665694040524 6.5634938629707802e-09 
224 1.0656984502012568 6.2080175350134087e-09 
225 1.06183032514592 5.7863366392492629e-09
226 1.0579621947259275 5.4288673431737152e-09 
227 1.0540940592345367 5.013617444051831e-09 
228 1.0502259191447787 4.6593291417909666e-09 
229 1.0463577747499797 4.2581304862951122e-09 
230 1.0424896264982491 3.9304608357032791e-09 
231 1.0386214746437272 3.5614825443206267e-09 
232 1.0347533195967011 3.2690884851507306e-09 
233 1.0308851615729808 2.9412394166519955e-09 
234 1.0270170009358701 2.6927096975427953e-09 
235 1.0231488378545794 2.4155383234498093e-09 
236 1.0192806726349219 2.2166053414462527e-09 
237 1.015412505397592 1.9891152763982946e-09
238 1.0115443363986369 1.8426465632793474e-09 
239 1.007676165703504 1.67108612025129e-09
240 1.0038079935088455 1.5815115894613713e-09 
241 0.99993981982224989 1.4646099650241656e-09 
242 0.99607164478794596 1.4249369067935848e-09 
243 0.99220346836837825 1.357780271282264e-09 
244 0.98833529065818693 1.36441932656528e-09 
245 0.98446711157693723 1.3383909880561667e-09 
246 0.98059893118332497 1.3797977946380695e-09 
247 0.97673074936850801 1.3924667848594491e-09 
248 0.97286256614855537 1.4668834001829174e-09 
249 0.96899438138730265 1.5022183279135366e-09 
250 0.96512619508849673 1.5987118265946858e-09 
251 0.96125800709448539 1.652753228857153e-09 
252 0.95738981739367945 1.7571011582322915e-09 
253 0.95352162583142452 1.8137930951517176e-09 
254 0.9496534323986846 1.9241303279280338e-09 
255 0.94578523693147698 1.9829927672635659e-09 
256 0.94191703942241423 2.0892086144487385e-09 
257 0.93804883971792696 2.1366447763990619e-09 
258 0.93418063782935878 2.2236883146091454e-09 
259 0.93031243363005878 2.2570102537163983e-09 
260 0.92644422714042662 2.3275378169182586e-09 
261 0.92257601825272895 2.3417124580740716e-09 
262 0.91870780700914401 2.3886073996898032e-09 
263 0.91483959333005682 2.374622689087243e-09 
264 0.91097137729033162 2.3953406850199253e-09 
265 0.90710315883454784 2.3610101632852667e-09 
266 0.90323493805208432 2.3585872198986524e-09 
267 0.89936671491345654 2.2973353061527046e-09 
268 0.89549848953874545 2.2710998842836727e-09 
269 0.89163026191916994 2.1886186308983915e-09 
270 0.88776203219345695 2.1417557192337642e-09 
271 0.88389380037285115 2.0393928101320092e-09 
272 0.88002556661521536 1.97573048916277e-09 
273 0.8761573309455114 1.8577338793292714e-09 
274 0.87228909353607009 1.7797470753179954e-09 
275 0.86842085442486849 1.6568049323697099e-09 
276 0.86455261377980408 1.5751506446255601e-09 
277 0.86068437164124334 1.4491375676518184e-09 
278 0.8568161281795581 1.3665805273080713e-09 
279 0.85294788343384931 1.2414253900125287e-09 
280 0.84907963757187022 1.1640204364455528e-09 
281 0.84521139062327577 1.0482126145444115e-09 
282 0.84134314274227651 9.8113661255505811e-10 
283 0.83747489394721664 8.7832574615676822e-10 
284 0.83360664437664178 8.2396158564109397e-10 
285 0.82973839403646954 7.3643288037597449e-10 
286 0.82587014304739303 7.0263410328490476e-10 
287 0.82200189138948121 6.3619205203726953e-10 
288 0.81813363916181947 6.22120764088052e-10 
289 0.81426538632610834 5.7617167527253854e-10 
290 0.81039713296017468 5.8306882268529116e-10 
291 0.80652887900427506 5.6102904675316863e-10 
292 0.80266062450938613 5.9182930394481896e-10 
293 0.79879236939186771 5.9242933586747933e-10 
294 0.79492411368131988 6.3911857486275794e-10 
295 0.79105585728496419 6.5911840548294343e-10 
296 0.78718760020949019 7.2564482183307148e-10 
297 0.78331934234184486 7.6211029425466998e-10 
298 0.77945108367562377 8.4252434154880864e-10 
299 0.7755828240864644 8.9257175695153228e-10 
300 0.77171456355468582 9.8354160164116541e-10 
301 0.76784630194839587 1.0401622057447714e-09 
302 0.76397803924532304 1.1355156090045943e-09 
303 0.76010977531138135 1.1934530918318712e-09 
304 0.75624151012604901 1.2923097683540664e-09 
305 0.75237324354955015 1.347942673933065e-09 
306 0.74850497556947559 1.4404450011153939e-09 
307 0.74463670605645371 1.4877319402726432e-09 
308 0.74076843500841305 1.569570298745729e-09 
309 0.7369001623089636 1.6054172477303082e-09 
310 0.73303188796824981 1.6693744343543402e-09 
311 0.72916361189420442 1.6848186681849877e-09 
312 0.72529533411989611 1.72983855745224e-09 
313 0.72142705457072953 1.7227889513364818e-09 
314 0.71755877330582352 1.7392063081906803e-09 
315 0.71369049028529385 1.7075876195007541e-09 
316 0.70982220558879527 1.6973262230469647e-09 
317 0.70595391920523176 1.6382965124107505e-09 
318 0.70208563124240153 1.5996341393430619e-09 
319 0.6982173417185995 1.5081621791622324e-09 
320 0.69434905077810727 1.4376987868213797e-09 
321 0.6904807584703796 1.3187399275763062e-09 
322 0.68661246496287076 1.2176421343595521e-09 
323 0.68274417033881762 1.0698676951715369e-09 
324 0.67887587479267131 9.3877495936762582e-10 
325 0.67500757843884285 7.6059324963996835e-10 
326 0.67113928150260271 6.0268186350423728e-10 
327 0.66727098412159214 3.989159141105406e-10 
328 0.66340268654543144 2.2097315347277533e-10 
329 0.65953438892624039 -3.8490172732494254e-12 
330 0.65566609153572053 -2.0139977879881981e-10 
331 0.65179779454415121 -4.4512919887426348e-10 
332 0.64792949824144053 -6.5866513168324832e-10 
333 0.64406120281093082 -9.1283437912578653e-10 
334 0.64019290854742472 -1.1351471268467284e-09 
335 0.63632461564137843 -1.3935475084531099e-09 
336 0.63245632438728006 -1.6190204758659297e-09 
337 0.62858803497767513 -1.8797827557422509e-09 
338 0.62471974770861516 -2.1024814721048091e-09 
339 0.62085146276473546 -2.3585031259991563e-09 
340 0.61698318043538047 -2.5722046489818814e-09 
341 0.61311490089193166 -2.8159668340867113e-09 
342 0.60924662440821198 -3.018948339395062e-09 
343 0.60537835114642202 -3.2447037865877302e-09 
344 0.60151008135509132 -3.4281098140424422e-09 
345 0.59764181517527637 -3.6334234208771125e-09 
346 0.59377355283419853 -3.7919297043883074e-09 
347 0.58990529444355655 -3.9715346760330122e-09 
348 0.58603704020405423 -4.1026664444907885e-09 
349 0.58216879019835022 -4.2515498890742447e-09 
350 0.57830054459307945 -4.3525213076731505e-09 
351 0.57443230344130147 -4.469362016973803e-09 
352 0.57056406687572614 -4.5373054398941303e-09 
353 0.56669583491539965 -4.6206575578558076e-09 
354 0.5628276076590828 -4.65178757264086e-09 
355 0.55895938508568355 -4.6990287736369421e-09 
356 0.55509116725855423 -4.6956488758509419e-09 
357 0.55122295412369393 -4.7054137531487699e-09 
358 0.54735474570401221 -4.6660016453011351e-09 
359 0.54348654191092016 -4.6423584697911147e-09 
360 0.5396183427365433 -4.5698017458680949e-09 
361 0.53575014805941146 -4.5123644350291125e-09 
362 0.53188195783720671 -4.4067219102431248e-09 
363 0.52801377191608145 -4.316206146919294e-09 
364 0.52414559022064644 -4.1808323413665396e-09 
365 0.52027741257067006 -4.0623813349431789e-09 
366 0.51640923886462398 -3.8981725851529757e-09 
367 0.51254106889254181 -3.753508296350636e-09 
368 0.50867290252930364 -3.568969533338949e-09 
369 0.50480473955049621 -3.4057323458507362e-09 
370 0.50093657981418394 -3.2022584193674588e-09 
371 0.49706842307665616 -3.0229638407742065e-09 
372 0.49320026918279769 -2.8050079270534438e-09 
373 0.48933211787599118 -2.6135502974184471e-09 
374 0.48546396899127736 -2.3835861489729954e-09 
375 0.48159582226018555 -2.1833078011149763e-09 
376 0.47772767751212308 -1.9527764636861181e-09 
377 0.47385953448630574 -1.7493658061357946e-09 
378 0.46999139300644355 -1.5167781304962508e-09 
379 0.46612325281077183 -1.3140302420204828e-09 
380 0.4622551137263825 -1.0839900912204273e-09 
381 0.45838697549594315 -8.8943042728664767e-10 
382 0.45451883796037451 -6.6945213845438647e-10 
383 0.45065070087427977 -4.8138623624754399e-10 
384 0.44678256408150535 -2.74270150670524e-10 
385 0.44291442735588499 -1.014675790381967e-10 
386 0.43904629055892969 9.0336186500037301e-11 
387 0.43517815347983446 2.4767620123761837e-10 
388 0.43131001599572311 4.2081956651302648e-10 
389 0.42744187791764876 5.5753350156029178e-10 
390 0.42357373914532703 7.1333690789606697e-10 
391 0.41970559950386499 8.2871766021902132e-10 
392 0.41583745891830459 9.6118763339372959e-10 
393 0.41196931723908659 1.0552365285420177e-09 
394 0.40810117441058319 1.1642488391304518e-09 
395 0.40423303030881869 1.2350773740940844e-09 
396 0.40036488490114824 1.3241512533882244e-09 
397 0.3964967380802526 1.3697124937930503e-09 
398 0.39262858984408322 1.4311929056846244e-09 
399 0.38876044011524047 1.4535479769206259e-09 
400 0.38489228891049471 1.4934800894674418e-09 
401 0.38102413617233677 1.4942265932162164e-09 
402 0.37715598193920569 1.509090882852278e-09 
403 0.37328782618211953 1.4900397406623355e-09 
404 0.36941966895404482 1.4878021425045296e-09 
405 0.3655515102404055 1.4453907149397627e-09 
406 0.361683350123787 1.4252999451997204e-09
407 0.35781518860195927 1.3631546619231993e-09 
408 0.35394702577912213 1.3232480543795323e-09 
409 0.35007886167294355 1.2458642825053246e-09 
410 0.3462106963982845 1.1910001085301886e-09 
411 0.34234252998748954 1.1014096863047101e-09 
412 0.33847436256487529 1.0347000065628185e-09 
413 0.33460619417427073 9.29738991205904e-10 
414 0.33073802495888815 8.535111126577018e-10 
415 0.32686985496622234 7.4257757514388226e-10 
416 0.32300168434191251 6.5510330099187968e-10 
417 0.31913351314997368 5.3863268561384763e-10 
418 0.31526534153587277 4.4788837200853274e-10 
419 0.31139716956462782 3.2575859718405834e-10 
420 0.30752899738975398 2.3286624061479966e-10 
421 0.30366082507490633 1.0891996388329553e-10 
422 0.29979265277508499 1.459805507033799e-11 
423 0.29592448055498755 -1.0986876201374476e-10 
424 0.29205630856922571 -2.0275897515751917e-10 
425 0.28818813687911299 -3.2366025065002342e-10 
426 0.28431996563356177 -4.1317946696478718e-10 
427 0.28045179489070932 -5.3009873069405488e-10 
428 0.27658362479487486 -6.1405707144565624e-10 
429 0.27271545539705577 -7.262269727457996e-10 
430 0.26884728683763359 -8.0376401311106795e-10 
431 0.2649791191595125 -9.079008660801809e-10 
432 0.26111095249342908 -9.7956948985100281e-10 
433 0.25724278687858376 -1.0715454806644742e-09 
434 0.25337462242725994 -1.1340144798144723e-09 
435 0.24950645917241962 -1.2223214791770105e-09 
436 0.24563829722820776 -1.2733815648153967e-09 
437 0.24177013660843755 -1.3471239361840934e-09 
438 0.23790197740953364 -1.3898775546743974e-09 
439 0.23403381964326092 -1.4544675252492974e-09 
440 0.23016566339604569 -1.4840791479268704e-09 
441 0.22629750866252119 -1.5370604813490275e-09 
442 0.22242935551903853 -1.556774143672457e-09 
443 0.21856120395204368 -1.5994838321268317e-09 
444 0.21469305402724234 -1.6093360465536745e-09 
445 0.21082490572162926 -1.6424621406307233e-09 
446 0.20695675909160441 -1.6418860340225604e-09 
447 0.2030886141028895 -1.6639193295770761e-09 
448 0.19922047080012723 -1.6524801747925217e-09 
449 0.19535232913840594 -1.664392130094442e-09 
450 0.19148418915298876 -1.6446804331149757e-09 
451 0.18761605079254032 -1.6488360747890667e-09 
452 0.18374791408508359 -1.6209674375774502e-09 
453 0.17987977897072568 -1.6164117191703956e-09 
454 0.17601164546822376 -1.5812466722821561e-09 
455 0.17214351351180346 -1.5678915774385666e-09 
456 0.16827538310991963 -1.5221395960481489e-09 
457 0.16440725418442342 -1.5039523941307951e-09 
458 0.16053912674469242 -1.4546138386274184e-09 
459 0.15667100071023671 -1.4306027105001253e-09 
460 0.15280287608237256 -1.3787000950552169e-09 
461 0.14893475278130588 -1.3496598380741097e-09 
462 0.1450666308008588 -1.290540039328271e-09 
463 0.14119851005183195 -1.2578026521314796e-09 
464 0.13733039052787036 -1.1982725091787758e-09 
465 0.13346227214265113 -1.1618346379901392e-09 
466 0.12959415488282869 -1.1009743179520716e-09 
467 0.12572603866312024 -1.0636247954950687e-09 
468 0.12185792346968706 -9.9867775388276741e-10 
469 0.1179898092099846 -9.6152594082973412e-10 
470 0.11412169587465626 -8.96537975496639e-10 
471 0.11025358337087793 -8.6070945828602179e-10 
472 0.10638547169198054 -7.9679220367217059e-10 
473 0.10251736074595809 -7.5619002519941232e-10 
474 0.098649250515523493 -6.9494464090406526e-10 
475 0.094781140918788143 -6.5730803355179536e-10 
476 0.090913031941724218 -5.9563653192152833e-10 
477 0.087044923498625318 -5.570744581579598e-10 
478 0.083176815574038818 -4.9768666166195648e-10 
479 0.079308708087751187 -4.6562041878154636e-10 
480 0.075440601035017735 -4.0803698736308025e-10 
481 0.071572494332737838 -3.7659162707872053e-10 
482 0.067704387975604199 -3.2112152818316796e-10 
483 0.063836281884121979 -2.9286213211746464e-10 
484 0.059968176057242494 -2.3825455996064562e-10 
485 0.056100070414009995 -2.1377319557689286e-10 
486 0.052231964960069328 -1.6430164783788246e-10 
487 0.048363859620958766 -1.3996212289561057e-10 
488 0.044495754397470798 -8.9817619862942482e-11 
489 0.040627649213655956 -7.0658567501070406e-11 
490 0.03675954408134062 -2.6422380655216243e-11 
491 0.032891438931211485 -4.618402436983979e-12 
492 0.029023333763896771 4.0297470283788096e-11 
493 0.025155228511368713 5.5861449003255981e-11 
494 0.021287123187415231 1.0038905518194175e-10 
495 0.017419017718545086 1.1679996659538909e-10 
496 0.013550912116464059 1.5556367703991981e-10 
497 0.0096828063200556473 1.6691727765226317e-10 
498 0.0058147003453763568 2.0921961834714995e-10 
499 0.0019465941191751056 2.2273847245209354e-10 
500 -0.0019215123432834717 2.6355973907583308e-10 
501 -0.005789619110123055 2.7524782686000943e-10 
502 -0.0096577261638985529 3.1253867896377699e-10 
503 -0.013525833567503582 3.2241536643660923e-10 
504 -0.017393941303400665 3.621661496481848e-10 
505 -0.021262049441214681 3.7591614464456341e-10 
506 -0.025130157968694833 4.1588297562856988e-10 
507 -0.028998266952024787 4.3063996778290211e-10 
508 -0.032866376380751704 4.6887430688647907e-10 
509 -0.036734486316587267 4.8449450320833171e-10 
510 -0.040602596752537537 5.2469013841490417e-10 
511 -0.044470707753373577 5.3915927429537861e-10 
512 -0.048338819307838038 5.8304700486865836e-10 
513 -0.052206931489237232 6.0225446041392033e-10 
514 -0.056075044292098343 6.4367808420446023e-10 
515 -0.059943157780061165 6.6484607469961435e-10 
516 -0.063811271954038046 7.0901338428462298e-10 
517 -0.067679386881195625 7.2848964754469708e-10 
518 -0.071547502556319115 7.7668774474694262e-10 
519 -0.075415619056328445 8.00768564073118e-10 
520 -0.079283736381187159 8.5052705628547276e-10 
521 -0.083151854606331413 8.7412351709465439e-10 
522 -0.087019973729195635 9.2527989473655733e-10 
523 -0.090888093828496136 9.5131953274523766e-10 
524 -0.094756214905155789 1.0055845081129483e-09 
525 -0.098624337041664928 1.0330820754569616e-09 
526 -0.10249246023875372 1.0882406214001749e-09 
527 -0.10636058457924166 1.1166160363512546e-09 
528 -0.11022871006472106 1.1706339721121058e-09 
529 -0.11409683677485236 1.1989413936319089e-09 
530 -0.11796496471223247 1.2534961223568211e-09 
531 -0.12183309395766344 1.2827043640230673e-09 
532 -0.12570122451500701 1.3402208842160305e-09 
533 -0.12956935647008799 1.3691452661875123e-09 
534 -0.13343748982323858 1.4245005408356682e-09 
535 -0.13730562465624502 1.4504695642993884e-09 
536 -0.14117376096569006 1.503797709351494e-09 
537 -0.14504189883226093 1.5264678858840507e-09 
538 -0.14891003824796986 1.5767535689761803e-09 
539 -0.15277817929071805 1.6014636519827216e-09 
540 -0.15664632195963998 1.6467079593822706e-09 
541 -0.16051446632051417 1.6665596782068659e-09 
542 -0.16438261236779975 1.7091223895415652e-09 
543 -0.16825076016677046 1.7199174219717288e-09 
544 -0.17211890969645363 1.7568270538063056e-09 
545 -0.17598706101987346 1.7638635824431507e-09 
546 -0.17985521411419342 1.794355683778816e-09 
547 -0.18372336903336114 1.7965578406696876e-09 
548 -0.18759152575128887 1.8192052482468415e-09 
549 -0.19145968431106922 1.8095541185279833e-09 
550 -0.19532784467075257 1.8259373751591351e-09 
551 -0.19919600687275657 1.8109336625746766e-09 
552 -0.20306417087069048 1.8191660732849668e-09 
553 -0.20693233669602287 1.794835631111453e-09 
554 -0.21080050429186042 1.7906615958472506e-09 
555 -0.21466867367418557 1.7569100126071074e-09 
556 -0.21853684477966914 1.7438107728268287e-09 
557 -0.22240501761586426 1.7006223801329518e-09 
558 -0.22627319210949337 1.6786780171354348e-09 
559 -0.23014136825985612 1.6228945229160793e-09 
560 -0.2340095459773299 1.5867795136316675e-09 
561 -0.23787772524546819 1.5213566476391841e-09 
562 -0.24174590596954029 1.4756484486660967e-09 
563 -0.24561408812355265 1.4008600274244497e-09 
564 -0.24948227160363662 1.344404329456792e-09 
565 -0.2533504563716692 1.2555004075910691e-09 
566 -0.25721864230629826 1.1927210886631292e-09 
567 -0.26108682937086908 1.0966312726824043e-09 
568 -0.26495501743598138 1.0197317166305765e-09 
569 -0.26882320644392582 9.1027265209981951e-10 
570 -0.2726913962526839 8.2510685315783714e-10 
571 -0.27655958680138298 7.0973389936748248e-10 
572 -0.28042777794444301 6.1898755265049202e-10 
573 -0.28429596961574427 4.9456946593934483e-10 
574 -0.28816416165719694 3.9539666833030543e-10 
575 -0.29203235399487343 2.6487417444023408e-10 
576 -0.29590054646690161 1.6353150826461719e-10 
577 -0.29976873900111867 2.9466056666768812e-11 
578 -0.30363693143073633 -7.8190626349998512e-11 
579 -0.30750512367450666 -2.1584258835488599e-10 
580 -0.31137331556478243 -3.2642485108478372e-10 
581 -0.31524150701805109 -4.6291855654815115e-10 
582 -0.31910969787190752 -5.7300304567951968e-10 
583 -0.32297788804267641 -7.0687961753815499e-10 
584 -0.32684607737268906 -8.1123294911948289e-10 
585 -0.33071426578711544 -9.435457383366144e-10 
586 -0.33458245312568324 -1.0428527314345993e-09 
587 -0.33845063932209135 -1.1673704992827753e-09 
588 -0.3423188242266112 -1.25857289546095e-09 
589 -0.34618700778135575 -1.3733490447188796e-09 
590 -0.35005518984797512 -1.4547935410372249e-09 
591 -0.35392337037835642 -1.5557075458666315e-09 
592 -0.3577915492521162 -1.6260660008616278e-09 
593 -0.36165972642945149 -1.7152497069360887e-09 
594 -0.36552790180235345 -1.7709522722210457e-09 
595 -0.36939607534860053 -1.8428416908469563e-09 
596 -0.37326424698011651 -1.8762287196825214e-09 
597 -0.37713241670201675 -1.9318924424663512e-09 
598 -0.38100058443636081 -1.9447901600278389e-09 
599 -0.38486875021301703 -1.9807828588031046e-09 
600 -0.38873691397289761 -1.9739326581652326e-09 
601 -0.39260507576569581 -1.9866604137132942e-09 
602 -0.3964732355591058 -1.9582262996005729e-09 
603 -0.40034139342272362 -1.9465436491726888e-09 
604 -0.4042095493514804 -1.8949006019590746e-09 
605 -0.40807770343697963 -1.8607996846541618e-09 
606 -0.41194585569578002 -1.7884921246564596e-09 
607 -0.41581400623839582 -1.7279810474333216e-09 
608 -0.41968215511354162 -1.6298684325811732e-09 
609 -0.42355030245693165 -1.5477136753222557e-09 
610 -0.42741844833476278 -1.4256237932906037e-09 
611 -0.43128659290905996 -1.3209019827346322e-09 
612 -0.43515473626717693 -1.1755319965028632e-09 
613 -0.43902287859513189 -1.0500215002583615e-09 
614 -0.44289101999857583 -8.8281755014494355e-10 
615 -0.4467591606864062 -7.3881646965832491e-10 
616 -0.4506273007794212 -5.5488486664634544e-10 
617 -0.45449544050148299 -3.8960973723803829e-10 
618 -0.45836357999921024 -1.8751782764031646e-10 
619 -0.46223171951151143 -1.2037760922190456e-11 
620 -0.46609985918725494 2.0050023416576299e-10 
621 -0.46996799927603672 3.9046557262998458e-10 
622 -0.47383613994524937 6.1494967322589335e-10 
623 -0.47770428145389582 8.087655572273439e-10 
624 -0.48157242396512373 1.0361304257492184e-09 
625 -0.48544056773984695 1.235327026929168e-09 
626 -0.48930871294909378 1.4619155476960934e-09 
627 -0.49317685984684473 1.6597774534292886e-09 
628 -0.49704500860223499 1.8836307493218288e-09 
629 -0.50091315946510928 2.0739850030993786e-09 
630 -0.50478131259232284 2.289134463812951e-09 
631 -0.50864946822382029 2.4666592830949285e-09 
632 -0.51251762649950183 2.6711489019105724e-09 
633 -0.51638578765082199 2.8346579995500332e-09 
634 -0.5202539518003092 3.0235719455825349e-09 
635 -0.52412211916228235 3.1671165651378153e-09 
636 -0.52799028983491658 3.3341468642774442e-09 
637 -0.53185846400872794 3.4564392630039053e-09 
638 -0.53572664176127105 3.5963894242769433e-09 
639 -0.53959482325015373 3.6914630246979121e-09 
640 -0.54346300852557294 3.8027079593556821e-09 
641 -0.54733119771494509 3.8679958114294951e-09 
642 -0.55119939083760094 3.9510933719869025e-09 
643 -0.55506758799444778 3.9845736758351943e-09 
644 -0.55893578916934861 4.0330487874826152e-09 
645 -0.56280399442577345 4.0333900468693942e-09 
646 -0.56667220371592952 4.0462814062090193e-09 
647 -0.57054041706525838 4.0123598787529813e-09 
648 -0.57440863439302547 3.9913095677257776e-09 
649 -0.57827685569105169 3.9250166263694235e-09 
650 -0.5821450808478017 3.8712036893812219e-09 
651 -0.58601330982194244 3.7688816847170598e-09 
652 -0.5898815424626429 3.6838369576547846e-09 
653 -0.59374977870213552 3.5512332542626567e-09 
654 -0.59761801836025774 3.4377819321844874e-09 
655 -0.60148626134271066 3.2761682031966297e-09 
656 -0.60535450743971808 3.1374974284385782e-09 
657 -0.60922275653555213 2.949750083614623e-09 
658 -0.61309100839338904 2.7872926782988097e-09 
659 -0.61695926287606129 2.5823682891788806e-09 
660 -0.62082751973617745 2.3999235026992595e-09 
661 -0.62469577881377225 2.1800877201084871e-09 
662 -0.62856403985161902 1.9884581936106901e-09 
663 -0.63243230268629458 1.7570397788562098e-09 
664 -0.63630056704659144 1.5553879500501608e-09 
665 -0.64016883276062442 1.3216485812995106e-09 
666 -0.64403709956256672 1.1168749527269823e-09 
667 -0.64790536727661019 8.828045095948146e-10 
668 -0.65177363563938773 6.8626394562012827e-10 
669 -0.65564190449188864 4.5711286705619303e-10 
670 -0.65951017357235131 2.6968664090695158e-10 
671 -0.6633784427350744 5.4114950538368488e-11 
672 -0.66724671173634076 -1.1818290186345094e-10 
673 -0.67111498044712647 -3.1542005606040079e-10 
674 -0.67498324864525494 -4.6830856140895391e-10 
675 -0.67885151622218631 -6.484470675168906e-10 
676 -0.68271978297053204 -7.7598566173226316e-10 
677 -0.6865880488153534 -9.308183931805455e-10 
678 -0.69045631357452364 -1.0326605104312626e-09 
679 -0.69432457719919138 -1.1574167461506144e-09 
680 -0.69819283954168609 -1.2315129902311222e-09 
681 -0.70206110057857152 -1.3253245324992431e-09 
682 -0.70592936019632091 -1.3678938074316339e-09 
683 -0.70979761840360722 -1.4350998903554462e-09 
684 -0.71366587510858748 -1.4493906714690128e-09 
685 -0.71753413034988633 -1.4877276829895989e-09 
686 -0.72140238406512047 -1.4704102233714648e-09 
687 -0.72527063632726196 -1.4769592380751062e-09 
688 -0.72913888710589514 -1.4341736982138478e-09 
689 -0.7330071364931402 -1.4169837149532956e-09 
690 -0.73687538448059131 -1.3492637769937366e-09 
691 -0.74074363118649877 -1.309101361898029e-09 
692 -0.74461187662346728 -1.2185158908346916e-09 
693 -0.74848012093250538 -1.1563797377472524e-09 
694 -0.75234836414729989 -1.0544904801902882e-09 
695 -0.75621660640949306 -9.8466880813173643e-10 
696 -0.76008484775683915 -8.6891894579235599e-10 
697 -0.76395308835101616 -7.8938878809779115e-10 
698 -0.76782132823533467 -6.6965143109751525e-10 
699 -0.77168956756973905 -5.8736423646592676e-10 
700 -0.77555780639906657 -4.6705847202946183e-10 
701 -0.77942604488164136 -3.8918137161568381e-10 
702 -0.78329428305291182 -2.7121086897548132e-10 
703 -0.78716252107094187 -2.00187499310949e-10 
704 -0.79103075895980779 -9.5187940398113185e-11 
705 -0.79489899685848542 -3.5866787518397568e-11 
706 -0.79876723478061729 5.5649496040301864e-11 
707 -0.8026354728499151 9.8209038346305344e-11 
708 -0.80650371105998153 1.7328760010005749e-10 
709 -0.81037194951841407 1.9539826956333915e-10 
710 -0.81424018819435551 2.5031798527296168e-10 
711 -0.81810842717553456 2.5155923371834486e-10 
712 -0.82197666640951417 2.8416539450809283e-10 
713 -0.82584490596026539 2.6670272132558344e-10 
714 -0.82971314576025668 2.7733752009463604e-10 
715 -0.83358138584822028 2.3800988600619226e-10 
716 -0.83744962613486607 2.2820118956774757e-10 
717 -0.84131786663990438 1.6732804713296768e-10 
718 -0.84518610725139753 1.425505860821956e-10 
719 -0.84905434798066381 6.9015547406925304e-11 
720 -0.85292258870541071 2.9325065635368717e-11 
721 -0.85679082941979212 -5.8820202419351746e-11 
722 -0.86065906998720798 -1.0735709578272888e-10 
723 -0.86452731039872988 -2.0257653468839133e-10 
724 -0.86839555051245576 -2.5554015879346636e-10 
725 -0.87226379031767787 -3.5490382725938228e-10 
726 -0.87613202966863257 -4.0556281435985787e-10 
727 -0.88000026856336533 -5.0139908771342848e-10 
728 -0.88386850686086282 -5.4868005024890684e-10 
729 -0.88773674456239926 -6.3499782698740462e-10 
730 -0.89160498154262002 -6.6946867210317178e-10 
731 -0.89547321781890132 -7.4287900348889957e-10 
732 -0.89934145327889337 -7.6323970935154933e-10 
733 -0.90320968795528511 -8.1728826540667074e-10 
734 -0.90707792176034008 -8.1631693031796616e-10 
735 -0.91094615475004936 -8.48315550305382e-10 
736 -0.91481438685944449 -8.2536110574340954e-10 
737 -0.91868261816643315 -8.3525038925556347e-10 
738 -0.92255084862828207 -7.8609448118962161e-10 
739 -0.92641907835319259 -7.7474151274020552e-10 
740 -0.93028730731471454 -7.0411929843256422e-10 
741 -0.93415553564273934 -6.7038817785045471e-10 
742 -0.93802376333410731 -5.7803016021651422e-10 
743 -0.94189199053980299 -5.2372862556373981e-10 
744 -0.94576021727607151 -4.1460966826358479e-10 
745 -0.94962844370684929 -3.4759202363847778e-10 
746 -0.95349666985705273 -2.2879660499105096e-10 
747 -0.95736489589725493 -1.5527857145004913e-10 
748 -0.96123312185569643 -3.4153585699195985e-11 
749 -0.96510134790110935 3.9658080151215923e-11 
750 -0.96896957405999196 1.5600569563884099e-10 
751 -0.97283780049122792 2.1864588948136578e-10 
752 -0.97670602720374999 3.2420370453862532e-10 
753 -0.98057425434603351 3.6523776207702097e-10 
754 -0.98444248189458883 4.4695949540176204e-10 
755 -0.98831070997182535 4.5876885842561034e-10 
756 -0.99217893851964023 5.0694874841429901e-10 
757 -0.99604716762258372 4.8249920474723275e-10 
758 -0.99991539718357692 4.9005481209142454e-10 
759 -1.0037836272421805 4.1961646828049193e-10 
760 -1.0076518576499622 3.7707607679630784e-10 
761 -1.0115200883922797 2.5503505910303259e-10 
762 -1.0153883192675912 1.5776133955081286e-10 
763 -1.0192565502033903 -2.1825764728156063e-11 
764 -1.0231247809377764 -1.7341511970551412e-10 
765 -1.0269930113471579 -4.0886799614813968e-10 
766 -1.0308612411122187 -6.1748869676380423e-10 
767 -1.03472947005117 -9.0890736962314539e-10
768 -1.0385976977897955 -1.1696430565138031e-09 
769 -1.0424659240980423 -1.512183785802541e-09 
770 -1.0463341485515645 -1.8168977605272033e-09 
771 -1.0502023708834749 -2.2037158257974805e-09 
772 -1.0540705906248513 -2.5455609869846997e-09 
773 -1.0579388074788214 -2.9615322338232358e-09 
774 -1.0618070209552881 -3.3285219151095629e-09 
775 -1.0656752307362434 -3.7643746879534546e-09 
776 -1.0695434363169711 -4.1414533987420141e-09 
777 -1.0734116373791667 -4.5772568340906651e-09 
778 -1.077279833428302 -4.9473958576245787e-09 
779 -1.0811480241599025 -5.371502846909269e-09 
780 -1.0850162090958932 -5.7216251102481502e-09 
781 -1.0888843879601364 -6.1147116759516051e-09 
782 -1.0927525603165817 -6.4241988860274982e-09 
783 -1.0966207259393408 -6.7760572577692672e-09 
784 -1.1004888844341842 -7.0336023323878202e-09 
785 -1.10435703563788 -7.3251921193230047e-09
786 -1.1082251792247939 -7.5188956146819703e-09 
787 -1.112093315099109 -7.7374017852252249e-09 
788 -1.1159614430175162 -7.8549567252309949e-09 
789 -1.1198295629634119 -7.9974463936784943e-09 
790 -1.1236976747693714 -8.0330719174850824e-09 
791 -1.1275657785066335 -8.1004355039817906e-09 
792 -1.1314338740760965 -8.0549007361026748e-09 
793 -1.1353019616361935 -8.0375137506644711e-09 
794 -1.1391700411761638 -7.9144734480667616e-09 
795 -1.1430381129247009 -7.8300998105092768e-09 
796 -1.1469061769275117 -7.6416007588458934e-09 
797 -1.1507742334772209 -7.4913246693722266e-09 
798 -1.1546422826858813 -7.2445847417951431e-09 
799 -1.158510324896697 -7.0507102770370295e-09 
800 -1.162378360250677 -6.7677640820733267e-09 
801 -1.1662463891198391 -6.5449375434387496e-09 
802 -1.17011441166689 -6.2402892407316922e-09
803 -1.1739824282783002 -6.0105350970880991e-09 
804 -1.1778504391089293 -5.7068073968818344e-09 
805 -1.1817184445364788 -5.48771904180913e-09 
806 -1.1855864446953976 -5.2039415141204588e-09 
807 -1.1894544399341525 -5.0124993343359289e-09 
808 -1.1933224303518501 -4.766387620695531e-09 
809 -1.1971904162492719 -4.6171703323498242e-09 
810 -1.2010583976787406 -4.4202552289456787e-09 
811 -1.2049263748848691 -4.3273527269930991e-09 
812 -1.2087943478565473 -4.1812356180605624e-09 
813 -1.212662316793107 -4.1390120734426522e-09 
814 -1.2165302816328782 -4.0445851350975729e-09 
815 -1.2203982425224911 -4.049719035019145e-09 
816 -1.2242661993572512 -3.9867832099304463e-09 
817 -1.2281341522681639 -4.013340830732915e-09 
818 -1.2320021011391782 -3.9532912878857796e-09 
819 -1.2358700461169507 -3.9644415507640908e-09 
820 -1.2397379871191314 -3.8618349257198399e-09 
821 -1.2436059243620838 -3.8039676235423594e-09 
822 -1.2474738578589359 -3.5933551762868926e-09 
823 -1.2513417879730453 -3.3903358244794441e-09 
824 -1.255209714899838 -2.9925353358919461e-09 
825 -1.2590776392318956 -2.55238772431763e-09 
826 -1.2629455614517133 -1.8587066822385122e-09 
827 -1.2668134825065052 -1.0654396907445451e-09 
828 -1.2706814032891245 4.6216396599126068e-11 
829 -1.2745493252296161 1.3271723328163168e-09 
830 -1.278417249778236 3.008331878842509e-09 
831 -1.2822851790163476 4.9369821621387885e-09 
832 -1.2861531151200916 7.3515489858906384e-09 
833 -1.2900210609899512 1.0102739308132907e-08 
834 -1.2938890197137405 1.343893701540503e-08 
835 -1.2977569952126646 1.7210179776719075e-08 
836 -1.3016249916930112 2.1668889683660552e-08 
837 -1.3054930143009571 2.6659496874236443e-08 
838 -1.3093610685590071 3.2446727328098677e-08 
839 -1.3132291610510152 3.8866567199554012e-08 
840 -1.3170972988294303 4.6185775231917606e-08 
841 -1.3209654901128287 5.4234378562515556e-08 
842 -1.3248337436792088 6.3278794579589164e-08 
843 -1.3287020695687999 7.3132113103681527e-08 
844 -1.3325704784438224 8.4055157587064766e-08 
845 -1.3364389822970468 9.5846577028701578e-08 
846 -1.340307593788268 1.0875560085485949e-07 
847 -1.344176326944114 1.2254716160059532e-07 
848 -1.3480451964386824 1.374536651558653e-07 
849 -1.3519142182934192 1.5321187582010315e-07 
850 -1.3557834091182426 1.7002088650617968e-07 
851 -1.3596527867729631 1.875705898821963e-07 
852 -1.363522369547977 2.0602447789298293e-07 
853 -1.3673921768013566 2.2501434215582632e-07 
854 -1.3712622280589426 2.4465075246215037e-07 
855 -1.3751325436036914 2.6449911889532785e-07 
856 -1.3790031434959256 2.8459913318873734e-07 
857 -1.382874048087307 3.0443180948191895e-07 
858 -1.3867452769431741 3.2396390917640979e-07 
859 -1.3906168492950504 3.4257164895141205e-07 
860 -1.3944887828263155 3.6012812663807512e-07 
861 -1.3983610940421849 3.7589413520603492e-07 
862 -1.4022337969181982 3.8963371527444646e-07 
863 -1.4061069031675066 4.0048256342460409e-07 
864 -1.4099804207482267 4.0807720623254661e-07 
865 -1.4138543540007957 4.1140754675799247e-07 
866 -1.4177287019912523 4.099915293035536e-07 
867 -1.4216034585572208 4.0266079639911505e-07 
868 -1.4254786104532526 3.8879729611546184e-07 
869 -1.4293541372830805 3.6707997968557429e-07 
870 -1.4332300094755712 3.3675544102362029e-07 
871 -1.4371061880989646 2.9635185708912294e-07 
872 -1.440982622670631 2.4499631942490261e-07 
873 -1.4448592508830793 1.8107757031463333e-07 
874 -1.4487359962543487 1.0362007574758575e-07 
875 -1.4526127677881993 1.0908065372093216e-08 
876 -1.4564894575181051 -9.809970083552244e-08 
877 -1.460365940140544 -2.2517948044642006e-07 
878 -1.4642420705037227 -3.7138730965983975e-07 
879 -1.4681176832717626 -5.3849298428842994e-07 
880 -1.4719925904411435 -7.2748101008038243e-07 
881 -1.4758665811414888 -9.4003794058103822e-07 
882 -1.4797394192469631 -1.1769793886177846e-06 
883 -1.4836108434316009 -1.4397861859527508e-06 
884 -1.4874805650232557 -1.7289696692999347e-06 
885 -1.4913482684617578 -2.045662154005415e-06 
886 -1.4952136095456212 -2.3899145476326744e-06 
887 -1.4990762164625435 -2.7623308977383158e-06 
888 -1.5029356886322178 -3.1623002979361568e-06 
889 -1.5067915985321938 -3.5896905963391337e-06 
890 -1.5106434913512752 -4.0429919074570027e-06 
891 -1.5144908878771381 -4.5210879696488345e-06 
892 -1.518333285218969 -5.0213086216681696e-06 
893 -1.5221701610315264 -5.5412644198332572e-06 
894 -1.5260009756238659 -6.076818824252136e-06 
895 -1.529825177842977 -6.6240024218254131e-06 
896 -1.5336422088760688 -7.1768865378923268e-06 
897 -1.5374515101385064 -7.7295741788405919e-06 
898 -1.5412525291391244 -8.2739939129841454e-06 
899 -1.545044729726095 -8.8019752306110808e-06 
900 -1.5488276003565173 -9.3029393226465187e-06 
901 -1.5526006670835253 -9.7660861004810549e-06 
902 -1.5563635045776547 -1.0177979017075245e-05 
903 -1.5601157521998505 -1.0524864326110386e-05 
904 -1.5638571280724112 -1.0790137566895329e-05 
905 -1.5675874485341641 -1.0956800237388381e-05 
906 -1.5713066455330091 -1.1004834659766597e-05 
907 -1.5750147896627722 -1.0913804150581973e-05 
908 -1.578712111018894 -1.0660131724161839e-05 
909 -1.5823990259157179 -1.0219872756467749e-05 
910 -1.5860761611987531 -9.565894412232446e-06 
911 -1.5897443845657202 -8.6708542087525381e-06 
912 -1.593404832118682 -7.5042775898627092e-06 
913 -1.5970589419706727 -6.0357750160484976e-06 
914 -1.6007084845502211 -4.2319999243934506e-06 
915 -1.6043555989049367 -2.060161103181995e-06 
916 -1.6080028249373703 5.1512184582128536e-07 
917 -1.6116531413745989 3.5280201513545552e-06 
918 -1.6153099987302841 7.0147195124166839e-06 
919 -1.6189773575048427 1.1009278507077549e-05 
920 -1.6226597201169031 1.5546958773377856e-05 
921 -1.6263621673680031 2.0659690071211019e-05 
922 -1.6300903870404722 2.6379496114502825e-05 
923 -1.6338507060150991 3.273352716330733e-05 
924 -1.6376501125479379 3.9747624460379596e-05 
925 -1.6414962808025342 4.7440839467812246e-05 
926 -1.6453975831116057 5.5829140283637636e-05 
927 -1.6493631028617766 6.49192508970684e-05 
928 -1.6534026319734578 7.4712467499653544e-05 
929 -1.6575266667692412 8.5197895771224738e-05 
930 -1.6617463848890675 9.6356588939515656e-05 
931 -1.6660736182910016 0.00010815412713854217 
932 -1.6705208033582732 0.00012054511951302204 
933 -1.6751009245374324 0.00013346498861532043 
934 -1.6798274305743093 0.00014683486797690155 
935 -1.6847141413585247 0.00016055244601769237 
936 -1.6897751221667985 0.00017449735111523635 
937 -1.6950245452312853 0.00018852088777848787 
938 -1.7004765127202142 0.00020245203727040591 
939 -1.7061448633959053 0.00021608591624157439 
940 -1.7120429338668093 0.00022919063454116548 
941 -1.7181832996905542 0.00024149425599328836 
942 -1.7245774633917441 0.00025269293074603238 
943 -1.731235518698433 0.00026243611763584562 
944 -1.7381657533096475 0.00027033660353106956 
945 -1.7453742250102886 0.0002759537331103874 
946 -1.752864267573619 0.00027880633226917727 
947 -1.7606359690683773 0.0002783535091315793 
948 -1.7686855712491296 0.0002740122300338338 
949 -1.777004844380818 0.00026513488563998755 
950 -1.7855803750537524 0.0002510345856505307 
951 -1.7943928400123477 0.00023095748318225411 
952 -1.8034161853516568 0.00020412207291613807 
953 -1.8126168173536161 0.00016967966101576667 
954 -1.8219526866046909 0.00012678580520050469 
955 -1.831372447805151 7.4510767475181744e-05 
956 -1.8408144447353609 1.2204112372374693e-05 
957 -1.8502063391228403 -6.0461746173143282e-05 
958 -1.8594651059056009 -0.00014381364308226573 
959 -1.86849670714837 -0.0002381792110761725
960 -1.8771957636120691 -0.00034397757638533316 
961 -1.8854450441340735 -0.00046170134424660975 
962 -1.8931148995439702 -0.00059195783394319211 
963 -1.9000625406302269 -0.00073545324585615277 
964 -1.9061312330587148 -0.00089301895513575259 
965 -1.9111493408227873 -0.001065603937623537 
966 -1.9149292596667487 -0.0012542957214076451 
967 -1.9172661910055182 -0.0014603223430201316 
968 -1.9179367733796551 -0.0016850711662224334 
969 -1.9166975357643674 -0.0019301007732711209 
970 -1.9132831677687598 -0.0021971591986680119 
971 -1.9074045821490873 -0.0024882063023391352 
972 -1.8987467431234044 -0.0028054326577673437 
973 -1.8869662450845259 -0.0031512932552060827 
974 -1.8716885931930027 -0.0035285287436742914 
975 -1.8525051770693368 -0.0039402112652432309 
976 -1.8289698671588586 -0.0043897710254317103 
977 -1.8005952264627603 -0.0048810543274960235 
978 -1.7668482481371015 -0.0054183611454585731 
979 -1.7271456018480218 -0.0060065124029222584 
980 -1.6808482918985561 -0.0066509117580161817 
981 -1.6272556708359804 -0.0073576068593744649 
982 -1.5655987478126721 -0.0081334172562313178 
983 -1.4950325971362755 -0.0089859070916104063 
984 -1.4146280495328893 -0.0099238426322698844 
985 -1.3233617237565738 -0.0049619213161349422 
986 -1.2320953979802582 -0.0024809606580674711 
987 -1.1408290722039429 -0.0012404803290337356 
988 -1.0495627464276274 -0.00062024016451686778 
989 -0.95829642065131193 -0.00031012008225843389 
990 -0.86703009487499649 -0.00015506004112921694 
991 -0.77576376909868106 -7.7530020564608472e-05 
992 -0.68449744332236562 -3.8765010282304236e-05 
993 -0.59323111754605029 -1.9382505141152118e-05 
994 -0.50196479176973485 -9.691252570576059e-06 
995 -0.41069846599341947 -4.8456262852880295e-06 
996 -0.31943214021710403 -2.4228131426440148e-06 
997 -0.22816581444078859 -1.2114065713220074e-06 
998 -0.13689948866447316 -6.0570328566100369e-07 
999 -0.045633162888157719 -2.0190109522033455e-07 
