# r A_[0] A_[1] A_[2] 
0.019801980198019802 0 0 0 
0.039603960396039604 0 0 0 
0.059405940594059403 0 0 0 
0.079207920792079209 0 0 0 
0.099009900990099015 0 0 0 
0.11881188118811881 0 0 0 
0.13861386138613863 0 0 0 
0.15841584158415842 0 0 0 
0.17821782178217821 0 0 0 
0.19801980198019803 0 0 0 
0.21782178217821782 0 0 0 
0.23762376237623761 0 0 0 
0.25742574257425743 0 0 0 
0.27722772277227725 0 0 0 
0.29702970297029702 0 0 0 
0.31683168316831684 0 0 0 
0.33663366336633666 0 0 0 
0.35643564356435642 0 0 0 
0.37623762376237624 0 0 0 
0.39603960396039606 0 0 0 
0.41584158415841582 0 0 0 
0.43564356435643564 0 0 0 
0.45544554455445546 0 0 0 
0.47524752475247523 0 0 0 
0.49504950495049505 0 0 0 
0.51485148514851486 0 0 0 
0.53465346534653468 0 0 0 
0.5544554455445545 0 0 0 
0.57425742574257421 0 0 0 
0.59405940594059403 0 0 0 
0.61386138613861385 0 0 0 
0.63366336633663367 0 0 0 
0.65346534653465349 0 0 0 
0.67326732673267331 0 0 0 
0.69306930693069313 0 0 0 
0.71287128712871284 0 0 0 
0.73267326732673266 0 0 0 
0.75247524752475248 0 0 0 
0.7722772277227723 0 0 0 
0.79207920792079212 0 0 0 
0.81188118811881194 0 0 0 
0.83168316831683164 0 0 0 
0.85148514851485146 0 0 0 
0.87128712871287128 0 0 0 
0.8910891089108911 0 0 0 
0.91089108910891092 0 0 0 
0.93069306930693074 0 0 0 
0.95049504950495045 0 0 0 
0.97029702970297027 0 0 0 
0.99009900990099009 0 0 0 
1.0099009900990099 0.17865150008179015 0.20000000000000001 0.53595450024537028 
1.0297029702970297 0.17326497247811518 0.20000000000000001 0.51979491743434536 
1.0495049504950495 0.16814214385090559 0.20000000000000001 0.5044264315527166 
1.0693069306930694 0.16326955579201355 0.20000000000000001 0.48980866737604045 
1.0891089108910892 0.15863774934875713 0.20000000000000001 0.4759132480462715 
1.108910891089109 0.154234601146055 0.20000000000000001 0.46270380343816486 
1.1287128712871288 0.15005163283953471 0.20000000000000001 0.45015489851860424 
1.1485148514851484 0.14607796140436474 0.20000000000000001 0.43823388421309417 
1.1683168316831682 0.1423060312570146 0.20000000000000001 0.42691809377104373 
1.1881188118811881 0.13872606962213535 0.20000000000000001 0.416178208866406 
1.2079207920792079 0.13533136783080627 0.20000000000000001 0.40599410349241871 
1.2277227722772277 0.1321131356134248 0.20000000000000001 0.39633940684027436 
1.2475247524752475 0.1290654348680973 0.20000000000000001 0.38719630460429194 
1.2673267326732673 0.12618034389562191 0.20000000000000001 0.37854103168686581 
1.2871287128712872 0.12345262672878725 0.20000000000000001 0.37035788018636168 
1.306930693069307 0.12087513240423518 0.20000000000000001 0.36262539721270548 
1.3267326732673268 0.11844326870578487 0.20000000000000001 0.35532980611735454 
1.3465346534653466 0.116150572068477 0.20000000000000001 0.34845171620543097 
1.3663366336633664 0.11399304499877971 0.20000000000000001 0.34197913499633903 
1.3861386138613863 0.11196483960921452 0.20000000000000001 0.3358945188276436 
1.4059405940594059 0.11006251184668835 0.20000000000000001 0.33018753554006508 
1.4257425742574257 0.10828076640885212 0.20000000000000001 0.32484229922655633 
1.4455445544554455 0.10661667749681067 0.20000000000000001 0.31985003249043198 
1.4653465346534653 0.10506544525458432 0.20000000000000001 0.31519633576375294 
1.4851485148514851 0.10362463169458588 0.20000000000000001 0.31087389508375762 
1.504950495049505 0.10228987892822124 0.20000000000000001 0.30686963678466367 
1.5247524752475248 0.10105921012523025 0.20000000000000001 0.30317763037569073 
1.5445544554455446 0.099928657547634081 0.20000000000000001 0.29978597264290219 
1.5643564356435644 0.098896682120705792 0.20000000000000001 0.29669004636211727 
1.5841584158415842 0.097959654248715472 0.20000000000000001 0.29387896274614633 
1.6039603960396041 0.097116452365660175 0.20000000000000001 0.29134935709698051 
1.6237623762376239 0.096363730908815629 0.20000000000000001 0.28909119272644684 
1.6435643564356437 0.095700769151251294 0.20000000000000001 0.28710230745375387 
1.6633663366336633 0.095124447118418373 0.20000000000000001 0.28537334135525516 
1.6831683168316831 0.094634432974117902 0.20000000000000001 0.28390329892235355 
1.7029702970297029 0.0942277665738529 0.20000000000000001 0.2826832997215587 
1.7227722772277227 0.09390450005656989 0.20000000000000001 0.28171350016970975 
1.7425742574257426 0.093661755571275956 0.20000000000000001 0.28098526671382784 
1.7623762376237624 0.093499975789910886 0.20000000000000001 0.28049992736973262 
1.7821782178217822 0.093416268381239911 0.20000000000000001 0.28024880514371975 
1.801980198019802 0.093411493330516099 0.20000000000000001 0.28023447999154832 
1.8217821782178218 0.093482613923849017 0.20000000000000001 0.28044784177154697 
1.8415841584158417 0.093630972934857531 0.20000000000000001 0.28089291880457251 
1.8613861386138615 0.093853196918446152 0.20000000000000001 0.28155959075533843 
1.8811881188118813 0.094151259254838221 0.20000000000000001 0.28245377776451475 
1.9009900990099009 0.094521122195317275 0.20000000000000001 0.28356336658595171 
1.9207920792079207 0.09496574278923417 0.20000000000000001 0.28489722836770248 
1.9405940594059405 0.095479727067026982 0.20000000000000001 0.28643918120108092 
1.9603960396039604 0.096068037565366221 0.20000000000000001 0.28820411269609864 
1.9801980198019802 0.096721787219332028 0.20000000000000001 0.29016536165799611 
2 0.097452521569802802 0.20000000000000001 0.29235756470940832 
2.0198019801980198 0.098174295958731533 0.20000000000000001 0.29452288787619457 
2.0396039603960396 0.098805442700277607 0.20000000000000001 0.2964163281008329 
2.0594059405940595 0.09936373732395605 0.20000000000000001 0.29809121197186805 
2.0792079207920793 0.099846659873657678 0.20000000000000001 0.29953997962097295 
2.0990099009900991 0.10026493236306011 0.20000000000000001 0.30079479708918033 
2.1188118811881189 0.10061924286501761 0.20000000000000001 0.30185772859505289 
2.1386138613861387 0.10091792897328153 0.20000000000000001 0.3027537869198445 
2.1584158415841586 0.10116271337001062 0.20000000000000001 0.30348814011003178 
2.1782178217821784 0.10136059704971631 0.20000000000000001 0.30408179114914885 
2.1980198019801982 0.101513658193725 0.20000000000000001 0.30454097458117502 
2.217821782178218 0.10162794692722771 0.20000000000000001 0.30488384078168307 
2.2376237623762378 0.1017056024901859 0.20000000000000001 0.30511680747055764 
2.2574257425742577 0.10175191405693028 0.20000000000000001 0.30525574217079077 
2.2772277227722775 0.10176893472538748 0.20000000000000001 0.30530680417616252 
2.2970297029702968 0.10176130727518885 0.20000000000000001 0.30528392182556652 
2.3168316831683167 0.10173092141075205 0.20000000000000001 0.30519276423225611 
2.3366336633663365 0.10168185375342169 0.20000000000000001 0.305045561260265 
2.3564356435643563 0.10161579101978303 0.20000000000000001 0.30484737305934906 
2.3762376237623761 0.10153630596613189 0.20000000000000001 0.30460891789839567 
2.3960396039603959 0.10144486446084651 0.20000000000000001 0.30433459338253954 
2.4158415841584158 0.10134458695568063 0.20000000000000001 0.30403376086704187 
2.4356435643564356 0.10123671354358123 0.20000000000000001 0.3037101406307437 
2.4554455445544554 0.10112395659974011 0.20000000000000001 0.30337186979922021 
2.4752475247524752 0.10100733319062943 0.20000000000000001 0.30302199957188825 
2.495049504950495 0.10088918621426932 0.20000000000000001 0.30266755864280787 
2.5148514851485149 0.10077031683472815 0.20000000000000001 0.30231095050418444 
2.5346534653465347 0.1006527323653766 0.20000000000000001 0.3019581970961297 
2.5544554455445545 0.10053702743622817 0.20000000000000001 0.30161108230868422 
2.5742574257425743 0.10042490352162699 0.20000000000000001 0.30127471056488087 
2.5940594059405941 0.10031675894470947 0.20000000000000001 0.30095027683412828 
2.613861386138614 0.10021401533888337 0.20000000000000001 0.30064204601665001 
2.6336633663366338 0.10011688491937773 0.20000000000000001 0.30035065475813311 
2.6534653465346536 0.10002653206611231 0.20000000000000001 0.30007959619833691 
2.6732673267326734 0.099942992516262846 0.20000000000000001 0.29982897754878857 
2.6930693069306932 0.099867192895302742 0.20000000000000001 0.2996015786859082 
2.7128712871287131 0.099799001229867818 0.20000000000000001 0.29939700368960337 
2.7326732673267329 0.099739123131696986 0.20000000000000001 0.29921736939509092 
2.7524752475247527 0.099687266710282552 0.20000000000000001 0.2990618001308476 
2.7722772277227725 0.099643930893430224 0.20000000000000001 0.29893179268029074 
2.7920792079207919 0.099608670716254386 0.20000000000000001 0.2988260121487632 
2.8118811881188117 0.099581790708738183 0.20000000000000001 0.29874537212621455 
2.8316831683168315 0.099562698849187517 0.20000000000000001 0.29868809654756245 
2.8514851485148514 0.099551515897420756 0.20000000000000001 0.29865454769226235 
2.8712871287128712 0.099547508169978802 0.20000000000000001 0.29864252450993639 
2.891089108910891 0.099550622023477864 0.20000000000000001 0.29865186607043348 
2.9108910891089108 0.099559987147811307 0.20000000000000001 0.29867996144343384 
2.9306930693069306 0.099575383999871689 0.20000000000000001 0.29872615199961505 
2.9504950495049505 0.099595810640102866 0.20000000000000001 0.29878743192030849 
2.9702970297029703 0.099620889607950319 0.20000000000000001 0.29886266882385093 
2.9900990099009901 0.099649492806817397 0.20000000000000001 0.29894847842045225 
3.0099009900990099 0.099681092153819026 0.20000000000000001 0.29904327646145701 
3.0297029702970297 0.099714469068872963 0.20000000000000001 0.29914340720661892 
3.0495049504950495 0.09974912669209339 0.20000000000000001 0.2992473800762801 
3.0693069306930694 0.099784038809787146 0.20000000000000001 0.29935211642936144 
3.0891089108910892 0.099818897363474018 0.20000000000000001 0.29945669209042208 
3.108910891089109 0.099852871115707093 0.20000000000000001 0.29955861334712131 
3.1287128712871288 0.099885813988733252 0.20000000000000001 0.29965744196619959 
3.1485148514851486 0.099917062852530214 0.20000000000000001 0.29975118855759064 
3.1683168316831685 0.09994660863156625 0.20000000000000001 0.29983982589469876 
3.1881188118811883 0.09997393073851274 0.20000000000000001 0.29992179221553827 
3.2079207920792081 0.099999133730242454 0.20000000000000001 0.29999740119072732 
3.2277227722772279 0.10002181576698899 0.20000000000000001 0.3000654473009669 
3.2475247524752477 0.10004217344927196 0.20000000000000001 0.30012652034781567 
3.2673267326732676 0.10005990186010187 0.20000000000000001 0.3001797055803056 
3.2871287128712874 0.10007526997381901 0.20000000000000001 0.30022580992145692 
3.3069306930693068 0.10008805004109267 0.20000000000000001 0.30026415012327806 
3.3267326732673266 0.10009856573004533 0.20000000000000001 0.30029569719013594 
3.3465346534653464 0.10010664880227299 0.20000000000000001 0.30031994640681892 
3.3663366336633662 0.10011266194040859 0.20000000000000001 0.30033798582122573 
3.386138613861386 0.10011648083340688 0.20000000000000001 0.30034944250022066 
3.4059405940594059 0.1001184934630532 0.20000000000000001 0.30035548038915938 
3.4257425742574257 0.10011860586954018 0.20000000000000001 0.30035581760862057 
3.4455445544554455 0.10011721950976341 0.20000000000000001 0.30035165852929024 
3.4653465346534653 0.10011425911200793 0.20000000000000001 0.30034277733602377 
3.4851485148514851 0.1001101295782148 0.20000000000000001 0.3003303887346444 
3.504950495049505 0.10010476446149574 0.20000000000000001 0.30031429338448729 
3.5247524752475248 0.10009856376016132 0.20000000000000001 0.30029569128048395 
3.5445544554455446 0.10009146166557659 0.20000000000000001 0.30027438499672976 
3.5643564356435644 0.10008384648518728 0.20000000000000001 0.30025153945556193 
3.5841584158415842 0.10007564641234658 0.20000000000000001 0.30022693923703964 
3.6039603960396041 0.10006723271681196 0.20000000000000001 0.3002016981504359 
3.6237623762376239 0.10005852238373268 0.20000000000000001 0.30017556715119792 
3.6435643564356437 0.10004986562138654 0.20000000000000001 0.3001495968641596 
3.6633663366336635 0.10004116430442589 0.20000000000000001 0.30012349291327761 
3.6831683168316833 0.10003274476850985 0.20000000000000001 0.30009823430552951 
3.7029702970297032 0.10002449107387035 0.20000000000000001 0.30007347322161093 
3.722772277227723 0.10001670398377699 0.20000000000000001 0.30005011195133097 
3.7425742574257428 0.10000924813907948 0.20000000000000001 0.30002774441723834 
3.7623762376237626 0.10000239805108364 0.20000000000000001 0.30000719415325089 
3.7821782178217824 0.099995998346443474 0.20000000000000001 0.29998799503933038 
3.8019801980198018 0.099990297544193321 0.20000000000000001 0.29997089263257987 
3.8217821782178216 0.099985120593590535 0.20000000000000001 0.29995536178077153 
3.8415841584158414 0.099980691149050172 0.20000000000000001 0.29994207344715046 
3.8613861386138613 0.099976815681624129 0.20000000000000001 0.29993044704487226 
3.8811881188118811 0.099973694913851066 0.20000000000000001 0.29992108474155305 
3.9009900990099009 0.099971118838806994 0.20000000000000001 0.29991335651642104 
3.9207920792079207 0.099969267928955149 0.20000000000000001 0.29990780378686543 
3.9405940594059405 0.099967918445397583 0.20000000000000001 0.29990375533619279 
3.9603960396039604 0.099967233990313889 0.20000000000000001 0.29990170197094163 
3.9801980198019802 0.099966980533453945 0.20000000000000001 0.29990094160036174 
4 0.099967308836384675 0.20000000000000001 0.29990192650915409 
4.0198019801980198 0.099967978663685814 0.20000000000000001 0.29990393599105747 
4.0396039603960396 0.099969132554633716 0.20000000000000001 0.29990739766390112 
4.0594059405940595 0.09997052859961908 0.20000000000000001 0.29991158579885702 
4.0792079207920793 0.099972305716984386 0.20000000000000001 0.29991691715095314 
4.0990099009900991 0.099974224254405816 0.20000000000000001 0.29992267276321738 
4.1188118811881189 0.09997642311318182 0.20000000000000001 0.29992926933954539 
4.1386138613861387 0.099978667779277275 0.20000000000000001 0.29993600333783182 
4.1584158415841586 0.099981099737963333 0.20000000000000001 0.29994329921389007 
4.1782178217821784 0.099983491580445435 0.20000000000000001 0.29995047474133624 
4.1980198019801982 0.099985989123091618 0.20000000000000001 0.29995796736927471 
4.217821782178218 0.099988373259074448 0.20000000000000001 0.29996511977722345 
4.2376237623762378 0.09999079516972173 0.20000000000000001 0.29997238550916527 
4.2574257425742577 0.099993044611398962 0.20000000000000001 0.29997913383419672 
4.2772277227722775 0.099995278581653288 0.20000000000000001 0.29998583574495996 
4.2970297029702973 0.099997295750021614 0.20000000000000001 0.29999188725006481 
4.3168316831683171 0.099999258918524875 0.20000000000000001 0.2999977767555746 
4.3366336633663369 0.10000097532150676 0.20000000000000001 0.30000292596452022 
4.3564356435643568 0.10000261319858586 0.20000000000000001 0.3000078395957575 
4.3762376237623766 0.10000398770330785 0.20000000000000001 0.30001196310992351 
4.3960396039603964 0.10000527188676844 0.20000000000000001 0.30001581566030527 
4.4158415841584162 0.10000628796805476 0.20000000000000001 0.30001886390416432 
4.435643564356436 0.10000721300832931 0.20000000000000001 0.30002163902498785 
4.4554455445544559 0.10000787530795434 0.20000000000000001 0.300023625923863 
4.4752475247524757 0.10000845503377302 0.20000000000000001 0.300025365101319 
4.4950495049504955 0.1000087855186747 0.20000000000000001 0.30002635655602417 
4.5148514851485153 0.1000090490890079 0.20000000000000001 0.30002714726702362 
4.5346534653465351 0.10000908305231346 0.20000000000000001 0.30002724915694023 
4.5544554455445549 0.10000907095717598 0.20000000000000001 0.30002721287152795 
4.5742574257425739 0.10000885306406465 0.20000000000000001 0.30002655919219384 
4.5940594059405937 0.10000861325636307 0.20000000000000001 0.30002583976908914 
4.6138613861386135 0.10000819379783848 0.20000000000000001 0.30002458139351534 
4.6336633663366333 0.10000777810100585 0.20000000000000001 0.30002333430301753 
4.6534653465346532 0.10000720958277567 0.20000000000000001 0.300021628748327 
4.673267326732673 0.10000667048460909 0.20000000000000001 0.30002001145382717 
4.6930693069306928 0.10000600464546831 0.20000000000000001 0.30001801393640504 
4.7128712871287126 0.10000539255731872 0.20000000000000001 0.30001617767195604 
4.7326732673267324 0.1000046778816709 0.20000000000000001 0.30001403364501261 
4.7524752475247523 0.10000403891381648 0.20000000000000001 0.30001211674144945 
4.7722772277227721 0.10000331867605246 0.20000000000000001 0.30000995602815744 
4.7920792079207919 0.10000269295452614 0.20000000000000001 0.3000080788635785 
4.8118811881188117 0.10000200380871191 0.20000000000000001 0.30000601142613581 
4.8316831683168315 0.1000014243358265 0.20000000000000001 0.3000042730074795 
4.8514851485148514 0.10000079544230163 0.20000000000000001 0.30000238632690474 
4.8712871287128712 0.10000028748236481 0.20000000000000001 0.30000086244709445 
4.891089108910891 0.099999740143150065 0.20000000000000001 0.2999992204294501 
4.9108910891089108 0.099999321096168658 0.20000000000000001 0.29999796328850586 
4.9306930693069306 0.099998868853330924 0.20000000000000001 0.29999660655999272 
4.9504950495049505 0.099998548562624287 0.20000000000000001 0.29999564568787285 
4.9702970297029703 0.099998197697702934 0.20000000000000001 0.29999459309310889 
4.9900990099009901 0.099997979122114042 0.20000000000000001 0.29999393736634222 
5.0099009900990099 0.099997729480252817 0.20000000000000001 0.2999931884407584 
5.0297029702970297 0.099997609647908756 0.20000000000000001 0.29999282894372614 
5.0495049504950495 0.099997455697303256 0.20000000000000001 0.29999236709190968 
5.0693069306930694 0.09999742684565191 0.20000000000000001 0.29999228053695559 
5.0891089108910892 0.099997358872167097 0.20000000000000001 0.2999920766165014 
5.108910891089109 0.099997409671691379 0.20000000000000001 0.29999222901507411 
5.1287128712871288 0.099997415007839693 0.20000000000000001 0.29999224502351923 
5.1485148514851486 0.099997531775370671 0.20000000000000001 0.299992595326112 
5.1683168316831685 0.0999975959799351 0.20000000000000001 0.29999278793980522 
5.1881188118811883 0.099997763809613296 0.20000000000000001 0.29999329142883979 
5.2079207920792081 0.099997871737538671 0.20000000000000001 0.29999361521261597 
5.2277227722772279 0.099998075499830516 0.20000000000000001 0.29999422649949153 
5.2475247524752477 0.099998212222698862 0.20000000000000001 0.29999463666809656 
5.2673267326732676 0.099998437400847032 0.20000000000000001 0.29999531220254105 
5.2871287128712874 0.099998588955554135 0.20000000000000001 0.29999576686666241 
5.3069306930693072 0.099998822304510487 0.20000000000000001 0.29999646691353143 
5.326732673267327 0.099998976261851627 0.20000000000000001 0.29999692878555489 
5.3465346534653468 0.099999206287330999 0.20000000000000001 0.299997618861993 
5.3663366336633667 0.099999352143368317 0.20000000000000001 0.29999805643010496 
5.3861386138613865 0.099999569408461469 0.20000000000000001 0.29999870822538421 
5.4059405940594063 0.09999969881004632 0.20000000000000001 0.29999909643013889 
5.4257425742574261 0.099999896084114123 0.20000000000000001 0.2999996882523423 
5.4455445544554459 0.10000000290608396 0.20000000000000001 0.30000000871825189 
5.4653465346534658 0.10000017517572754 0.20000000000000001 0.30000052552718248 
5.4851485148514856 0.10000025547136734 0.20000000000000001 0.300000766414102 
5.5049504950495054 0.1000003998364188 0.20000000000000001 0.30000119950925624 
5.5247524752475252 0.10000045168507371 0.20000000000000001 0.30000135505522102 
5.544554455445545 0.10000056716406104 0.20000000000000001 0.30000170149218303 
5.5643564356435649 0.10000059044058313 0.20000000000000001 0.30000177132174932 
5.5841584158415838 0.10000067771027241 0.20000000000000001 0.30000203313081714 
5.6039603960396036 0.10000067380054725 0.20000000000000001 0.30000202140164162 
5.6237623762376234 0.10000073489320474 0.20000000000000001 0.30000220467961419 
5.6435643564356432 0.10000070637857729 0.20000000000000001 0.30000211913573188 
5.6633663366336631 0.10000074435876188 0.20000000000000001 0.30000223307628548 
5.6831683168316829 0.10000069469000336 0.20000000000000001 0.30000208407001011 
5.7029702970297027 0.10000071333021536 0.20000000000000001 0.30000213999064596 
5.7227722772277225 0.10000064650893048 0.20000000000000001 0.30000193952679133 
5.7425742574257423 0.10000064998050971 0.20000000000000001 0.30000194994152912 
5.7623762376237622 0.10000057026278879 0.20000000000000001 0.30000171078836635 
5.782178217821782 0.10000056285522571 0.20000000000000001 0.3000016885656771 
5.8019801980198018 0.10000047448905139 0.20000000000000001 0.30000142346715419 
5.8217821782178216 0.10000046036754662 0.20000000000000001 0.3000013811026398 
5.8415841584158414 0.10000036737210898 0.20000000000000001 0.30000110211632691 
5.8613861386138613 0.10000035037989212 0.20000000000000001 0.30000105113967634 
5.8811881188118811 0.10000025637171685 0.20000000000000001 0.30000076911515056 
5.9009900990099009 0.10000023988045453 0.20000000000000001 0.30000071964136366 
5.9207920792079207 0.10000014794817114 0.20000000000000001 0.30000044384451335 
5.9405940594059405 0.10000013475687515 0.20000000000000001 0.30000040427062541 
5.9603960396039604 0.10000004738369345 0.20000000000000001 0.30000014215108028 
5.9801980198019802 0.1000000396639491 0.20000000000000001 0.30000011899184725 
6 0.099999958694534291 0.20000000000000001 0.29999987608360279 
6.0198019801980198 0.099999957977724624 0.20000000000000001 0.29999987393317384 
6.0396039603960396 0.099999884624247304 0.20000000000000001 0.29999965387274191 
6.0594059405940595 0.099999891824788176 0.20000000000000001 0.29999967547436457 
6.0792079207920793 0.099999826705552297 0.20000000000000001 0.299999480116657 
6.0990099009900991 0.099999842173067108 0.20000000000000001 0.29999952651920131 
6.1188118811881189 0.099999785376319025 0.20000000000000001 0.29999935612895695 
6.1386138613861387 0.099999808969190557 0.20000000000000001 0.29999942690757164 
6.1584158415841586 0.09999976013451739 0.20000000000000001 0.29999928040355212 
6.1782178217821784 0.099999791307321936 0.20000000000000001 0.29999937392196591 
6.1980198019801982 0.099999749717358977 0.20000000000000001 0.29999924915207704 
6.217821782178218 0.099999787615207586 0.20000000000000001 0.29999936284562273 
6.2376237623762378 0.099999752291059951 0.20000000000000001 0.29999925687317985 
6.2574257425742577 0.09999979584469941 0.20000000000000001 0.29999938753409827 
6.2772277227722775 0.099999765639426558 0.20000000000000001 0.29999929691827959 
6.2970297029702973 0.099999813655969993 0.20000000000000001 0.29999944096790987 
6.3168316831683171 0.099999787341547269 0.20000000000000001 0.29999936202464184 
6.3366336633663369 0.099999838586817227 0.20000000000000001 0.2999995157604517 
6.3564356435643568 0.099999814931123088 0.20000000000000001 0.29999944479336921 
6.3762376237623766 0.0999998682007079 0.20000000000000001 0.29999960460212372 
6.3960396039603964 0.099999846032184633 0.20000000000000001 0.29999953809655383 
6.4158415841584162 0.099999900209386483 0.20000000000000001 0.29999970062815945 
6.435643564356436 0.099999878468056094 0.20000000000000001 0.29999963540416824 
6.4554455445544559 0.099999932567888153 0.20000000000000001 0.29999979770366442 
6.4752475247524757 0.099999910342325193 0.20000000000000001 0.29999973102697564 
6.4950495049504955 0.099999963541566247 0.20000000000000001 0.29999989062469873 
6.5148514851485153 0.099999940092207945 0.20000000000000001 0.29999982027662386 
6.5346534653465351 0.099999991746236777 0.20000000000000001 0.2999999752387103 
6.5544554455445549 0.099999966516050476 0.20000000000000001 0.29999989954815137 
6.5742574257425748 0.10000001616372968 0.20000000000000001 0.30000004849118894 
6.5940594059405937 0.099999988777725896 0.20000000000000001 0.29999996633317755 
6.6138613861386135 0.10000003613601022 0.20000000000000001 0.30000010840803054 
6.6336633663366333 0.10000000639142155 0.20000000000000001 0.30000001917426455 
6.6534653465346532 0.10000005134161574 0.20000000000000001 0.30000015402484725 
6.673267326732673 0.10000001919073767 0.20000000000000001 0.30000005757221293 
6.6930693069306928 0.10000006175844549 0.20000000000000001 0.30000018527533645 
6.7128712871287126 0.10000002728619593 0.20000000000000001 0.30000008185858773 
6.7326732673267324 0.10000006761699828 0.20000000000000001 0.30000020285099482 
6.7524752475247523 0.10000003101519112 0.20000000000000001 0.30000009304557335 
6.7722772277227721 0.10000006934798628 0.20000000000000001 0.30000020804395877 
6.7920792079207919 0.10000003088817123 0.20000000000000001 0.30000009266451366 
6.8118811881188117 0.10000006752792887 0.20000000000000001 0.30000020258378662 
6.8316831683168315 0.10000002753442828 0.20000000000000001 0.30000008260328481 
6.8514851485148514 0.10000006282585838 0.20000000000000001 0.30000018847757509 
6.8712871287128712 0.10000002165036853 0.20000000000000001 0.30000006495110559 
6.891089108910891 0.10000005595372943 0.20000000000000001 0.30000016786118822 
6.9108910891089108 0.10000001395255792 0.20000000000000001 0.30000004185767365 
6.9306930693069306 0.10000004762252004 0.20000000000000001 0.30000014286756016 
6.9504950495049505 0.10000000513722365 0.20000000000000001 0.30000001541167087 
6.9702970297029703 0.10000003850540443 0.20000000000000001 0.30000011551621331 
6.9900990099009901 0.099999995847296311 0.20000000000000001 0.29999998754188895 
7.0099009900990099 0.10000002920879163 0.20000000000000001 0.30000008762637481 
7.0297029702970297 0.099999986647507547 0.20000000000000001 0.29999995994252254 
7.0495049504950495 0.10000002025148334 0.20000000000000001 0.30000006075445007 
7.0693069306930694 0.099999978007553406 0.20000000000000001 0.29999993402266023 
7.0891089108910892 0.10000001205173882 0.20000000000000001 0.30000003615521653 
7.108910891089109 0.099999970292909329 0.20000000000000001 0.29999991087872796 
7.1287128712871288 0.10000000492164858 0.20000000000000001 0.3000000147649457 
7.1485148514851486 0.099999963762542457 0.20000000000000001 0.29999989128762733 
7.1683168316831685 0.099999999067936676 0.20000000000000001 0.29999999720380993 
7.1881188118811883 0.0999999585725308 0.20000000000000001 0.2999998757175924 
7.2079207920792081 0.099999994598108766 0.20000000000000001 0.29999998379432624 
7.2277227722772279 0.099999954784445094 0.20000000000000001 0.29999986435333525 
7.2475247524752477 0.099999991530766413 0.20000000000000001 0.29999997459229921 
7.2673267326732676 0.099999952377289605 0.20000000000000001 0.29999985713186883 
7.2871287128712874 0.099999989808875422 0.20000000000000001 0.29999996942662621 
7.3069306930693072 0.09999995126180819 0.20000000000000001 0.29999985378542449 
7.326732673267327 0.099999989314824317 0.20000000000000001 0.29999996794447292 
7.3465346534653468 0.099999951296027692 0.20000000000000001 0.29999985388808309 
7.3663366336633667 0.099999989886204732 0.20000000000000001 0.29999996965861403 
7.3861386138613865 0.099999952301038406 0.20000000000000001 0.29999985690311515 
7.4059405940594063 0.099999991331375798 0.20000000000000001 0.29999997399412731 
7.4257425742574261 0.099999954076152919 0.20000000000000001 0.29999986222845887 
7.4455445544554459 0.099999993444046045 0.20000000000000001 0.29999998033213809 
7.4653465346534658 0.099999956412759633 0.20000000000000001 0.29999986923827893 
7.4851485148514856 0.099999996016273643 0.20000000000000001 0.29999998804882089 
7.5049504950495054 0.099999959106366568 0.20000000000000001 0.29999987731909977 
7.5247524752475252 0.099999998849467711 0.20000000000000001 0.29999999654840304 
7.544554455445545 0.099999961966498796 0.20000000000000001 0.29999988589949644 
7.5643564356435649 0.1000000017631436 0.20000000000000001 0.30000000528943077 
7.5841584158415847 0.099999964824287135 0.20000000000000001 0.29999989447286152 
7.6039603960396036 0.10000000460133782 0.20000000000000001 0.30000001380401342 
7.6237623762376234 0.09999996753772207 0.20000000000000001 0.29999990261316622 
7.6435643564356432 0.10000000723672661 0.20000000000000001 0.30000002171017986 
7.6633663366336631 0.099999969994675295 0.20000000000000001 0.29999990998402587 
7.6831683168316829 0.10000000957260294 0.20000000000000001 0.30000002871780879 
7.7029702970297027 0.099999972113892874 0.20000000000000001 0.29999991634167872 
7.7227722772277225 0.1000000115429516 0.20000000000000001 0.30000003462885472 
7.7425742574257423 0.099999973844228734 0.20000000000000001 0.29999992153268623 
7.7623762376237622 0.10000001311092466 0.20000000000000001 0.30000003933277392 
7.782178217821782 0.099999975162444438 0.20000000000000001 0.29999992548733329 
7.8019801980198018 0.10000001426605046 0.20000000000000001 0.30000004279815129 
7.8217821782178216 0.09999997606991666 0.20000000000000001 0.29999992820974997 
7.8415841584158414 0.10000001502052633 0.20000000000000001 0.30000004506157885 
7.8613861386138613 0.099999976588599604 0.20000000000000001 0.29999992976579876 
7.8811881188118811 0.10000001540493472 0.20000000000000001 0.30000004621480419 
7.9009900990099009 0.099999976756573919 0.20000000000000001 0.29999993026972166 
7.9207920792079207 0.10000001546369838 0.20000000000000001 0.30000004639109512 
7.9405940594059405 0.09999997662347955 0.20000000000000001 0.29999992987043861 
7.9603960396039604 0.10000001525055599 0.20000000000000001 0.300000045751668 
7.9801980198019802 0.09999997624609186 0.20000000000000001 0.29999992873827547 
8 0.1000000148242918 0.20000000000000001 0.30000004447287543 
8.0198019801980198 0.099999975684249884 0.20000000000000001 0.29999992705274964 
8.0396039603960396 0.10000001424490124 0.20000000000000001 0.30000004273470354 
8.0594059405940595 0.099999974997294586 0.20000000000000001 0.29999992499188377 
8.0792079207920793 0.10000001357032781 0.20000000000000001 0.30000004071098341 
8.0990099009900991 0.099999974241122253 0.20000000000000001 0.29999992272336667 
8.1188118811881189 0.10000001285384787 0.20000000000000001 0.30000003856154356 
8.1386138613861387 0.09999997346591033 0.20000000000000001 0.29999992039773088 
8.1584158415841586 0.10000001214213985 0.20000000000000001 0.30000003642641948 
8.1782178217821784 0.099999972714525903 0.20000000000000001 0.29999991814357768 
8.1980198019801982 0.10000001147402496 0.20000000000000001 0.30000003442207485 
8.217821782178218 0.099999972021591027 0.20000000000000001 0.299999916064773 
8.2376237623762378 0.10000001087984242 0.20000000000000001 0.30000003263952707 
8.2574257425742577 0.099999971413146427 0.20000000000000001 0.29999991423943911 
8.2772277227722775 0.10000001038138201 0.20000000000000001 0.30000003114414597 
8.2970297029702973 0.099999970906832478 0.20000000000000001 0.29999991272049742 
8.3168316831683171 0.10000000999228875 0.20000000000000001 0.30000002997686614 
8.3366336633663369 0.099999970512491973 0.20000000000000001 0.29999991153747596 
8.3564356435643568 0.10000000971883678 0.20000000000000001 0.30000002915651031 
8.3762376237623766 0.099999970233087987 0.20000000000000001 0.29999991069926402 
8.3960396039603964 0.1000000095609654 0.20000000000000001 0.30000002868289616 
8.4158415841584162 0.099999970065831945 0.20000000000000001 0.29999991019749589 
8.435643564356436 0.10000000951347436 0.20000000000000001 0.30000002854042296 
8.4554455445544559 0.099999970003422103 0.20000000000000001 0.29999991001026638 
8.4752475247524757 0.1000000095672802 0.20000000000000001 0.30000002870184062 
8.4950495049504955 0.099999970035295857 0.20000000000000001 0.29999991010588756 
8.5148514851485153 0.10000000971064746 0.20000000000000001 0.30000002913194235 
8.5346534653465351 0.099999970148822115 0.20000000000000001 0.29999991044646618 
8.5544554455445549 0.10000000993032386 0.20000000000000001 0.30000002979097162 
8.5742574257425748 0.09999997033036509 0.20000000000000001 0.29999991099109524 
8.5940594059405946 0.10000001021252254 0.20000000000000001 0.30000003063756758 
8.6138613861386144 0.099999970566175753 0.20000000000000001 0.29999991169852713 
8.6336633663366342 0.10000001054371425 0.20000000000000001 0.30000003163114281 
8.653465346534654 0.099999970843079697 0.20000000000000001 0.29999991252923897 
8.6732673267326739 0.10000001091120878 0.20000000000000001 0.30000003273362641 
8.6930693069306937 0.099999971148950317 0.20000000000000001 0.29999991344685101 
8.7128712871287135 0.10000001130351997 0.20000000000000001 0.3000000339105599 
8.7326732673267333 0.099999971472969601 0.20000000000000001 0.29999991441890883 
8.7524752475247531 0.10000001171052647 0.20000000000000001 0.30000003513157941 
8.772277227722773 0.099999971805692534 0.20000000000000001 0.2999999154170776 
8.7920792079207928 0.10000001212344847 0.20000000000000001 0.30000003637034539 
8.8118811881188126 0.099999972138947638 0.20000000000000001 0.29999991641684293 
8.8316831683168324 0.10000001253467938 0.20000000000000001 0.30000003760403804 
8.8514851485148522 0.099999972465606907 0.20000000000000001 0.29999991739682075 
8.8712871287128721 0.10000001293750693 0.20000000000000001 0.3000000388125208 
8.8910891089108919 0.099999972779272625 0.20000000000000001 0.29999991833781781 
8.9108910891089117 0.10000001332577642 0.20000000000000001 0.3000000399773291 
8.9306930693069315 0.099999973073926343 0.20000000000000001 0.29999991922177899 
8.9504950495049513 0.10000001369353771 0.20000000000000001 0.30000004108061323 
8.9702970297029712 0.099999973343588122 0.20000000000000001 0.29999992003076431 
8.990099009900991 0.10000001403472812 0.20000000000000001 0.30000004210418441 
9.0099009900990108 0.099999973582030929 0.20000000000000001 0.29999992074609272 
9.0297029702970306 0.10000001434292868 0.20000000000000001 0.30000004302878597 
9.0495049504950504 0.099999973782590637 0.20000000000000001 0.29999992134777198 
9.0693069306930703 0.10000001461123406 0.20000000000000001 0.30000004383370216 
9.0891089108910901 0.099999973938101325 0.20000000000000001 0.29999992181430396 
9.1089108910891099 0.10000001483226233 0.20000000000000001 0.30000004449678691 
9.1287128712871279 0.099999974040983042 0.20000000000000001 0.29999992212294901 
9.1485148514851478 0.10000001499832004 0.20000000000000001 0.30000004499496014 
9.1683168316831676 0.099999974083488735 0.20000000000000001 0.29999992225046623 
9.1881188118811874 0.10000001510173308 0.20000000000000001 0.30000004530519919 
9.2079207920792072 0.099999974058113478 0.20000000000000001 0.29999992217434052 
9.227722772277227 0.10000001513533094 0.20000000000000001 0.30000004540599262 
9.2475247524752469 0.099999973958151647 0.20000000000000001 0.29999992187445496 
9.2673267326732667 0.10000001509306906 0.20000000000000001 0.30000004527920715 
9.2871287128712865 0.099999973778374815 0.20000000000000001 0.29999992133512432 
9.3069306930693063 0.10000001497075466 0.20000000000000001 0.3000000449122639 
9.3267326732673261 0.099999973515795287 0.20000000000000001 0.29999992054738578 
9.346534653465346 0.10000001476683312 0.20000000000000001 0.30000004430049931 
9.3663366336633658 0.099999973170462234 0.20000000000000001 0.29999991951138671 
9.3861386138613856 0.10000001448318151 0.20000000000000001 0.30000004344954445 
9.4059405940594054 0.099999972746236093 0.20000000000000001 0.29999991823870831 
9.4257425742574252 0.10000001412584708 0.20000000000000001 0.30000004237754124 
9.4455445544554451 0.099999972251474487 0.20000000000000001 0.29999991675442345 
9.4653465346534649 0.10000001370566339 0.20000000000000001 0.30000004111699002 
9.4851485148514847 0.09999997169956279 0.20000000000000001 0.29999991509868817 
9.5049504950495045 0.1000000132386783 0.20000000000000001 0.30000003971603501 
9.5247524752475243 0.099999971109221292 0.20000000000000001 0.29999991332766385 
9.5445544554455441 0.10000001274632465 0.20000000000000001 0.30000003823897387 
9.564356435643564 0.099999970504525762 0.20000000000000001 0.29999991151357736 
9.5841584158415838 0.10000001225527676 0.20000000000000001 0.30000003676583015 
9.6039603960396036 0.099999969914586262 0.20000000000000001 0.29999990974375884 
9.6237623762376234 0.10000001179694118 0.20000000000000001 0.30000003539082348 
9.6435643564356432 0.099999969372843028 0.20000000000000001 0.29999990811852906 
9.6633663366336631 0.10000001140655171 0.20000000000000001 0.30000003421965515 
9.6831683168316829 0.099999968915954959 0.20000000000000001 0.29999990674786481 
9.7029702970297027 0.1000000111218506 0.20000000000000001 0.30000003336555187 
9.7227722772277225 0.099999968582277388 0.20000000000000001 0.29999990574683222 
9.7425742574257423 0.1000000109813679 0.20000000000000001 0.30000003294410382 
9.7623762376237622 0.099999968409951873 0.20000000000000001 0.29999990522985576 
9.782178217821782 0.10000001102233429 0.20000000000000001 0.30000003306700279 
9.8019801980198018 0.099999968434656153 0.20000000000000001 0.29999990530396847 
9.8217821782178216 0.10000001127828811 0.20000000000000001 0.3000000338348644 
9.8415841584158414 0.09999996868709346 0.20000000000000001 0.2999999060612803 
9.8613861386138613 0.1000000117764733 0.20000000000000001 0.30000003532941999 
9.8811881188118811 0.099999969190328331 0.20000000000000001 0.29999990757098505 
9.9009900990099009 0.10000001253514605 0.20000000000000001 0.30000003760543809 
9.9207920792079207 0.09999996995710024 0.20000000000000001 0.29999990987130076 
9.9405940594059405 0.10000001356093703 0.20000000000000001 0.30000004068281105 
9.9603960396039604 0.09999997098727717 0.20000000000000001 0.29999991296183159 
9.9801980198019802 0.10000001484643795 0.20000000000000001 0.30000004453931384 
10 0.099999972265621268 0.20000000000000001 0.29999991679686377 
10.01980198019802 0.10000001636819483 0.20000000000000001 0.30000004910458444 
10.03960396039604 0.099999973760056107 0.20000000000000001 0.29999992128016828 
10.059405940594059 0.10000001808529574 0.20000000000000001 0.30000005425588716 
10.079207920792079 0.099999975420622708 0.20000000000000001 0.299999926261868 
10.099009900990099 0.10000001993874176 0.20000000000000001 0.30000005981622518 
10.118811881188119 0.099999977179307503 0.20000000000000001 0.29999993153792248 
10.138613861386139 0.10000002185177083 0.20000000000000001 0.30000006555531245 
10.158415841584159 0.099999978950898641 0.20000000000000001 0.29999993685269588 
10.178217821782178 0.10000002373127834 0.20000000000000001 0.30000007119383498 
10.198019801980198 0.099999980634997571 0.20000000000000001 0.29999994190499268 
10.217821782178218 0.10000002547044075 0.20000000000000001 0.30000007641132215 
10.237623762376238 0.099999982119266348 0.20000000000000001 0.29999994635779909 
10.257425742574258 0.10000002695259022 0.20000000000000001 0.30000008085777069 
10.277227722772277 0.099999983283927854 0.20000000000000001 0.29999994985178352 
10.297029702970297 0.10000002805632885 0.20000000000000001 0.30000008416898655 
10.316831683168317 0.099999984007470177 0.20000000000000001 0.29999995202241048 
10.336633663366337 0.10000002866179077 0.20000000000000001 0.30000008598537237 
10.356435643564357 0.099999984173424122 0.20000000000000001 0.29999995252027234 
10.376237623762377 0.10000002865788096 0.20000000000000001 0.30000008597364292 
10.396039603960396 0.099999983677998769 0.20000000000000001 0.29999995103399624 
10.415841584158416 0.10000002795023186 0.20000000000000001 0.30000008385069549 
10.435643564356436 0.099999982438271795 0.20000000000000001 0.29999994731481527 
10.455445544554456 0.10000002646953134 0.20000000000000001 0.30000007940859391 
10.475247524752476 0.099999980400549054 0.20000000000000001 0.29999994120164714 
10.495049504950495 0.10000002417979756 0.20000000000000001 0.30000007253939276 
10.514851485148515 0.099999977548430097 0.20000000000000001 0.29999993264529018 
10.534653465346535 0.10000002108610374 0.20000000000000001 0.30000006325831124 
10.554455445544555 0.099999973910055731 0.20000000000000001 0.2999999217301671 
10.574257425742575 0.10000001724120705 0.20000000000000001 0.30000005172362115 
10.594059405940595 0.099999969563973598 0.20000000000000001 0.29999990869192072 
10.613861386138614 0.10000001275050603 0.20000000000000001 0.30000003825151816 
10.633663366336634 0.099999964643041853 0.20000000000000001 0.29999989392912563 
10.653465346534654 0.10000000777474996 0.20000000000000001 0.30000002332424996 
10.673267326732674 0.099999959335809949 0.20000000000000001 0.29999987800742978 
10.693069306930694 0.1000000025299613 0.20000000000000001 0.30000000758988388 
10.712871287128714 0.099999953884864823 0.20000000000000001 0.29999986165459447 
10.732673267326733 0.099999997284102637 0.20000000000000001 0.29999999185230786 
10.752475247524753 0.099999948581727852 0.20000000000000001 0.29999984574518351 
10.772277227722773 0.099999992350130684 0.20000000000000001 0.299999977050392 
10.792079207920793 0.099999943758015908 0.20000000000000001 0.29999983127404767 
10.811881188118813 0.099999988075236329 0.20000000000000001 0.29999996422570896 
10.831683168316832 0.099999939772753593 0.20000000000000001 0.29999981931826086 
10.851485148514852 0.099999984826252136 0.20000000000000001 0.29999995447875638 
10.871287128712872 0.099999936995931529 0.20000000000000001 0.29999981098779449 
10.891089108910892 0.099999982971442164 0.20000000000000001 0.29999994891432658 
10.910891089108912 0.09999993578863911 0.20000000000000001 0.29999980736591725 
10.930693069306932 0.099999982859127645 0.20000000000000001 0.29999994857738299 
10.950495049504951 0.09999993648036383 0.20000000000000001 0.29999980944109156 
10.970297029702971 0.099999984793872329 0.20000000000000001 0.29999995438161686 
10.990099009900991 0.099999939344312047 0.20000000000000001 0.29999981803293613 
11.009900990099011 0.099999989011218315 0.20000000000000001 0.29999996703365489 
11.029702970297031 0.099999944571868893 0.20000000000000001 0.29999983371560662 
11.04950495049505 0.099999995652213042 0.20000000000000001 0.2999999869566391 
11.06930693069307 0.09999995224756078 0.20000000000000001 0.29999985674268231 
11.08910891089109 0.10000000473919658 0.20000000000000001 0.30000001421758971 
11.10891089108911 0.099999962326079481 0.20000000000000001 0.29999988697823821 
11.12871287128713 0.1000000161544916 0.20000000000000001 0.30000004846347478 
11.14851485148515 0.099999974613076553 0.20000000000000001 0.29999992383922952 
11.168316831683168 0.1000000296237481 0.20000000000000001 0.30000008887124419 
11.188118811881187 0.099999988751504232 0.20000000000000001 0.29999996625451264 
11.207920792079207 0.10000004470571806 0.20000000000000001 0.30000013411715415 
11.227722772277227 0.1000000042152504 0.20000000000000001 0.30000001264575121 
11.247524752475247 0.10000006079015893 0.20000000000000001 0.30000018237047682 
11.267326732673267 0.10000002031168728 0.20000000000000001 0.30000006093506193 
11.287128712871286 0.10000007710536932 0.20000000000000001 0.30000023131610787 
11.306930693069306 0.10000003619449549 0.20000000000000001 0.30000010858348652 
11.326732673267326 0.10000009273655057 0.20000000000000001 0.30000027820965164 
11.346534653465346 0.10000005088775146 0.20000000000000001 0.30000015266325436 
11.366336633663366 0.10000010665574288 0.20000000000000001 0.30000031996722865 
11.386138613861386 0.10000006332176228 0.20000000000000001 0.30000018996528677 
11.405940594059405 0.10000011776352839 0.20000000000000001 0.30000035329058511 
11.425742574257425 0.10000007238051849 0.20000000000000001 0.3000002171415555 
11.445544554455445 0.10000012494202359 0.20000000000000001 0.30000037482607078 
11.465346534653465 0.10000007695991892 0.20000000000000001 0.30000023087975675 
11.485148514851485 0.1000001271179287 0.20000000000000001 0.30000038135378604 
11.504950495049505 0.10000007603513565 0.20000000000000001 0.30000022810540689 
11.524752475247524 0.10000012333359741 0.20000000000000001 0.30000037000079216 
11.544554455445544 0.10000006873467097 0.20000000000000001 0.30000020620401291 
11.564356435643564 0.10000011282326138 0.20000000000000001 0.30000033846978402 
11.584158415841584 0.10000005441783526 0.20000000000000001 0.30000016325350565 
11.603960396039604 0.10000009509075553 0.20000000000000001 0.30000028527226658 
11.623762376237623 0.1000000327516255 0.20000000000000001 0.30000009825487656 
11.643564356435643 0.10000006998438048 0.20000000000000001 0.30000020995314142 
11.663366336633663 0.10000000378233607 0.20000000000000001 0.30000001134700816 
11.683168316831683 0.10000003776397143 0.20000000000000001 0.30000011329191439 
11.702970297029703 0.099999967996756395 0.20000000000000001 0.29999990399026927 
11.722772277227723 0.09999999915487226 0.20000000000000001 0.29999999746461681 
11.742574257425742 0.099999926367562469 0.20000000000000001 0.29999977910268738 
11.762376237623762 0.099999955383398592 0.20000000000000001 0.29999986615019564 
11.782178217821782 0.09999988037753485 0.20000000000000001 0.29999964113260458 
11.801980198019802 0.099999908188548911 0.20000000000000001 0.29999972456564661 
11.821782178217822 0.099999832017581169 0.20000000000000001 0.29999949605274345 
11.841584158415841 0.099999859805254998 0.20000000000000001 0.29999957941576494 
11.861386138613861 0.099999783754249449 0.20000000000000001 0.29999935126274813 
11.881188118811881 0.099999812915340297 0.20000000000000001 0.29999943874602092 
11.900990099009901 0.099999738463486129 0.20000000000000001 0.29999921539045832 
11.920792079207921 0.099999770563626258 0.20000000000000001 0.29999931169087879 
11.940594059405941 0.099999699328851374 0.20000000000000001 0.29999909798655405 
11.96039603960396 0.099999736038252615 0.20000000000000001 0.29999920811475783 
11.98019801980198 0.099999669704197394 0.20000000000000001 0.29999900911259214 
12 0.099999712716240335 0.20000000000000001 0.29999913814872103 
12.01980198019802 0.099999652942929576 0.20000000000000001 0.29999895882878858 
12.03960396039604 0.099999703877565557 0.20000000000000001 0.29999911163269666 
12.059405940594059 0.099999652198315997 0.20000000000000001 0.29999895659494796 
12.079207920792079 0.099999712493441945 0.20000000000000001 0.29999913748032586 
12.099009900990099 0.099999670201798396 0.20000000000000001 0.29999901060539502 
12.118811881188119 0.099999740997028241 0.20000000000000001 0.29999922299108467 
12.138613861386139 0.099999709028766676 0.20000000000000001 0.29999912708630005 
12.158415841584159 0.099999791047236219 0.20000000000000001 0.29999937314170871 
12.178217821782178 0.099999769863641091 0.20000000000000001 0.29999930959092325 
12.198019801980198 0.099999863298575409 0.20000000000000001 0.29999958989572617 
12.217821782178218 0.099999852778191761 0.20000000000000001 0.29999955833457542 
12.237623762376238 0.099999957191847413 0.20000000000000001 0.29999987157554214 
12.257425742574258 0.099999956538649001 0.20000000000000001 0.29999986961594699 
12.277227722772277 0.10000007078181256 0.20000000000000001 0.30000021234543761 
12.297029702970297 0.10000007845811414 0.20000000000000001 0.30000023537434234 
12.316831683168317 0.10000020061851922 0.20000000000000001 0.30000060185555766 
12.336633663366337 0.10000021431090564 0.20000000000000001 0.30000064293271689 
12.356435643564357 0.10000034169862503 0.20000000000000001 0.30000102509587506 
12.376237623762377 0.10000035832459933 0.20000000000000001 0.30000107497379797 
12.396039603960396 0.10000048750161278 0.20000000000000001 0.30000146250483839 
12.415841584158416 0.10000050326351484 0.20000000000000001 0.30000150979054457 
12.435643564356436 0.10000063012320316 0.20000000000000001 0.30000189036960945 
12.455445544554456 0.10000064061419288 0.20000000000000001 0.30000192184257857 
12.475247524752476 0.10000076051444842 0.20000000000000001 0.30000228154334524 
12.495049504950495 0.10000076087899559 0.20000000000000001 0.30000228263698675 
12.514851485148515 0.10000086883000212 0.20000000000000001 0.30000260649000648 
12.534653465346535 0.10000085397842404 0.20000000000000001 0.30000256193527203 
12.554455445544555 0.10000094488302734 0.20000000000000001 0.3000028346490819 
12.574257425742575 0.10000090975627407 0.20000000000000001 0.30000272926882221 
12.594059405940595 0.10000097869734445 0.20000000000000001 0.30000293609203332 
12.613861386138614 0.10000091857458362 0.20000000000000001 0.30000275572375085 
12.633663366336634 0.10000096114003598 0.20000000000000001 0.30000288342010806 
12.653465346534654 0.10000087197780153 0.20000000000000001 0.30000261593340455 
12.673267326732674 0.10000088461015777 0.20000000000000001 0.30000265383047325 
12.693069306930694 0.10000076339811184 0.20000000000000001 0.3000022901943355 
12.712871287128714 0.10000074375188291 0.20000000000000001 0.30000223125564868 
12.732673267326733 0.1000005888667978 0.20000000000000001 0.30000176660039346 
12.752475247524753 0.10000053615375398 0.20000000000000001 0.30000160846126206 
12.772277227722773 0.10000034769039741 0.20000000000000001 0.30000104307119224 
12.792079207920793 0.10000026299021514 0.20000000000000001 0.30000078897064547 
12.811881188118813 0.10000004304565238 0.20000000000000001 0.30000012913695723 
12.831683168316832 0.099999929557718276 0.20000000000000001 0.29999978867315474 
12.851485148514852 0.099999682444355253 0.20000000000000001 0.29999904733306582 
12.871287128712872 0.099999545655901204 0.20000000000000001 0.29999863696770351 
12.891089108910892 0.09999927801861902 0.20000000000000001 0.299997834055857 
12.910891089108912 0.099999125765065255 0.20000000000000001 0.29999737729519571 
12.930693069306932 0.099998846579224879 0.20000000000000001 0.29999653973767465 
12.950495049504951 0.099998688974808542 0.20000000000000001 0.2999960669244256 
12.970297029702971 0.099998409404910144 0.20000000000000001 0.29999522821473035 
12.990099009900991 0.099998258625508471 0.20000000000000001 0.2999947758765254 
13.009900990099011 0.099997991728973598 0.20000000000000001 0.29999397518692084 
13.029702970297031 0.099997861634586016 0.20000000000000001 0.2999935849037581 
13.04950495049505 0.099997621901550329 0.20000000000000001 0.29999286570465089 
13.06930693069307 0.099997527493173741 0.20000000000000001 0.29999258247952121 
13.08910891089109 0.09999733022128926 0.20000000000000001 0.29999199066386772 
13.10891089108911 0.099997286935841853 0.20000000000000001 0.29999186080752549 
13.12871287128713 0.099997147448760315 0.20000000000000001 0.29999144234628095 
13.14851485148515 0.099997170306068625 0.20000000000000001 0.29999151091820575 
13.168316831683169 0.099997103035250834 0.20000000000000001 0.29999130910575239 
13.188118811881187 0.099997205662606226 0.20000000000000001 0.29999161698781868 
13.207920792079207 0.099997223123989717 0.20000000000000001 0.29999166937196919 
13.227722772277227 0.099997416695926572 0.20000000000000001 0.29999225008777969 
13.247524752475247 0.099997528405238553 0.20000000000000001 0.2999925852157157 
13.267326732673267 0.099997820548370114 0.20000000000000001 0.29999346164511032 
13.287128712871286 0.099998031930781356 0.20000000000000001 0.29999409579234398 
13.306930693069306 0.099998425654945725 0.20000000000000001 0.29999527696483713 
13.326732673267326 0.099998737015439682 0.20000000000000001 0.29999621104631902 
13.346534653465346 0.099999229742078533 0.20000000000000001 0.29999768922623565 
13.366336633663366 0.099999635371284035 0.20000000000000001 0.29999890611385199 
13.386138613861386 0.10000021813674001 0.20000000000000001 0.30000065441021995 
13.405940594059405 0.10000070563179041 0.20000000000000001 0.30000211689537104 
13.425742574257425 0.10000136254572575 0.20000000000000001 0.30000408763717717 
13.445544554455445 0.10000191242558759 0.20000000000000001 0.30000573727676272 
13.465346534653465 0.10000262046169006 0.20000000000000001 0.30000786138507002 
13.485148514851485 0.10000320615028134 0.20000000000000001 0.30000961845084395 
13.504950495049505 0.10000393533720109 0.20000000000000001 0.30001180601160332 
13.524752475247524 0.10000452357541643 0.20000000000000001 0.30001357072624923 
13.544554455445544 0.10000523764087646 0.20000000000000001 0.30001571292262924 
13.564356435643564 0.10000578937105557 0.20000000000000001 0.3000173681131667 
13.584158415841584 0.10000644687215066 0.20000000000000001 0.30001934061645197 
13.603960396039604 0.10000691861646918 0.20000000000000001 0.30002075584940757 
13.623762376237623 0.100007474565202 0.20000000000000001 0.30002242369560594 
13.643564356435643 0.10000782029382076 0.20000000000000001 0.30002346088146226 
13.663366336633663 0.10000822825982797 0.20000000000000001 0.30002468477948385 
13.683168316831683 0.10000840171631048 0.20000000000000001 0.30002520514893138 
13.702970297029703 0.10000861635940986 0.20000000000000001 0.3000258490782296 
13.722772277227723 0.10000857378083441 0.20000000000000001 0.30002572134250327 
13.742574257425742 0.10000855373541659 0.20000000000000001 0.30002566120624963 
13.762376237623762 0.10000825687373896 0.20000000000000001 0.3000247706212168 
13.782178217821782 0.10000796787616503 0.20000000000000001 0.30002390362849513 
13.801980198019802 0.10000738719680234 0.20000000000000001 0.30002216159040695 
13.821782178217822 0.10000680531695488 0.20000000000000001 0.30002041595086465 
13.841584158415841 0.10000592322144755 0.20000000000000001 0.30001776966434263 
13.861386138613861 0.10000503803170811 0.20000000000000001 0.30001511409512421 
13.881188118811881 0.10000385192503541 0.20000000000000001 0.30001155577510613 
13.900990099009901 0.1000026694156607 0.20000000000000001 0.30000800824698209 
13.920792079207921 0.10000119441688424 0.20000000000000001 0.30000358325065268 
13.940594059405941 0.099999739447687197 0.20000000000000001 0.29999921834306159 
13.96039603960396 0.099998010526831368 0.20000000000000001 0.29999403158049409 
13.98019801980198 0.099996328593104089 0.20000000000000001 0.29998898577931227 
14 0.099994401909522287 0.20000000000000001 0.29998320572856679 
14.01980198019802 0.099992559997328243 0.20000000000000001 0.29997767999198477 
14.03960396039604 0.099990513217411439 0.20000000000000001 0.29997153965223422 
14.059405940594059 0.099988599531966454 0.20000000000000001 0.29996579859589934 
14.079207920792079 0.09998653091921772 0.20000000000000001 0.29995959275765299 
14.099009900990099 0.099984653292427977 0.20000000000000001 0.2999539598772839 
14.118811881188119 0.099982679393053525 0.20000000000000001 0.29994803817916055 
14.138613861386139 0.09998096221476932 0.20000000000000001 0.29994288664430802 
14.158415841584159 0.099979214009380507 0.20000000000000001 0.29993764202814155 
14.178217821782178 0.099977793583892707 0.20000000000000001 0.29993338075167814 
14.198019801980198 0.099976411042933977 0.20000000000000001 0.29992923312880199 
14.217821782178218 0.099975429349803815 0.20000000000000001 0.29992628804941135 
14.237623762376238 0.099974554418892886 0.20000000000000001 0.29992366325667874 
14.257425742574258 0.099974151357179741 0.20000000000000001 0.29992245407153911 
14.277227722772277 0.099973919510244535 0.20000000000000001 0.29992175853073355 
14.297029702970297 0.099974223828875747 0.20000000000000001 0.29992267148662721 
14.316831683168317 0.099974754462800103 0.20000000000000001 0.29992426338840034 
14.336633663366337 0.099975873727862888 0.20000000000000001 0.29992762118358857 
14.356435643564357 0.099977259832557189 0.20000000000000001 0.29993177949767164 
14.376237623762377 0.099979269954429573 0.20000000000000001 0.29993780986328877 
14.396039603960396 0.099981567674931063 0.20000000000000001 0.2999447030247932 
14.415841584158416 0.099984502704661554 0.20000000000000001 0.29995350811398458 
14.435643564356436 0.099987721582381894 0.20000000000000001 0.29996316474714557 
14.455445544554456 0.099991564607625358 0.20000000000000001 0.299974693822876 
14.475247524752476 0.09999565932931391 0.20000000000000001 0.29998697798794177 
14.495049504950495 0.10000033525953457 0.20000000000000001 0.30000100577860356 
14.514851485148515 0.1000051996453474 0.20000000000000001 0.30001559893604213 
14.534653465346535 0.10001057055337313 0.20000000000000001 0.30003171166011933 
14.554455445544555 0.10001603438622357 0.20000000000000001 0.30004810315867081 
14.574257425742575 0.10002189794398181 0.20000000000000001 0.30006569383194542 
14.594059405940595 0.10002772711435012 0.20000000000000001 0.3000831813430504 
14.613861386138614 0.10003381853395979 0.20000000000000001 0.3001014556018794 
14.633663366336634 0.10003971884878504 0.20000000000000001 0.30011915654635513 
14.653465346534654 0.100045716615269 0.20000000000000001 0.30013714984580686 
14.673267326732674 0.1000513414946225 0.20000000000000001 0.30015402448386752 
14.693069306930694 0.10005687705072271 0.20000000000000001 0.30017063115216802 
14.712871287128714 0.10006183920832029 0.20000000000000001 0.30018551762496082 
14.732673267326733 0.10006651062129067 0.20000000000000001 0.30019953186387199 
14.752475247524753 0.10007039769010911 0.20000000000000001 0.30021119307032729 
14.772277227722773 0.10007378719010429 0.20000000000000001 0.30022136157031282 
14.792079207920793 0.10007618110734065 0.20000000000000001 0.30022854332202198 
14.811881188118813 0.10007787623192521 0.20000000000000001 0.30023362869577552 
14.831683168316832 0.10007837603310638 0.20000000000000001 0.30023512809931907 
14.851485148514852 0.10007799393745483 0.20000000000000001 0.30023398181236449 
14.871287128712872 0.10007624142294447 0.20000000000000001 0.30022872426883329 
14.891089108910892 0.10007345571621211 0.20000000000000001 0.30022036714863631 
14.910891089108912 0.10006916324100967 0.20000000000000001 0.30020748972302896 
14.930693069306932 0.10006373248323752 0.20000000000000001 0.30019119744971251 
14.950495049504951 0.10005671188083314 0.20000000000000001 0.30017013564249939 
14.970297029702971 0.10004850862067489 0.20000000000000001 0.30014552586202459 
14.990099009900991 0.1000387000041235 0.20000000000000001 0.30011610001237043 
15.009900990099011 0.10002773895735043 0.20000000000000001 0.30008321687205119 
15.029702970297031 0.10001523784886719 0.20000000000000001 0.30004571354660159 
15.04950495049505 0.10000170151586668 0.20000000000000001 0.30000510454759999 
15.06930693069307 0.099986782446738975 0.20000000000000001 0.29996034734021687 
15.08910891089109 0.099971042152534259 0.20000000000000001 0.29991312645760282 
15.10891089108911 0.099954176558367192 0.20000000000000001 0.29986252967510157 
15.12871287128713 0.09993680658339324 0.20000000000000001 0.29981041975017975 
15.14851485148515 0.099918672509962864 0.20000000000000001 0.2997560175298884 
15.168316831683169 0.099900454680146605 0.20000000000000001 0.29970136404043979 
15.188118811881189 0.09988193553047639 0.20000000000000001 0.29964580659142914 
15.207920792079207 0.099863851370888851 0.20000000000000001 0.29959155411266647 
15.227722772277227 0.099846020685977505 0.20000000000000001 0.29953806205793249 
15.247524752475247 0.0998292280361988 0.20000000000000001 0.29948768410859633 
15.267326732673267 0.099813317134029661 0.20000000000000001 0.29943995140208907 
15.287128712871286 0.099799108000308029 0.20000000000000001 0.29939732400092406 
15.306930693069306 0.099786453226010999 0.20000000000000001 0.2993593596780329 
15.326732673267326 0.099776189631602022 0.20000000000000001 0.29932856889480608 
15.346534653465346 0.099768156022738544 0.20000000000000001 0.29930446806821559 
15.366336633663366 0.099763180836682952 0.20000000000000001 0.29928954251004886 
15.386138613861386 0.099761060462180084 0.20000000000000001 0.2992831813865402 
15.405940594059405 0.099762586574997134 0.20000000000000001 0.29928775972499139 
15.425742574257425 0.09976748530807808 0.20000000000000001 0.29930245592423416 
15.445544554455445 0.099776486971364819 0.20000000000000001 0.29932946091409429 
15.465346534653465 0.099789224229026877 0.20000000000000001 0.29936767268708064 
15.485148514851485 0.099806346194387982 0.20000000000000001 0.29941903858316377 
15.504950495049505 0.099827373484952645 0.20000000000000001 0.29948212045485789 
15.524752475247524 0.099852858841124256 0.20000000000000001 0.29955857652337281 
15.544554455445544 0.09988219674350618 0.20000000000000001 0.29964659023051854 
15.564356435643564 0.099915832888202244 0.20000000000000001 0.2997474986646067 
15.584158415841584 0.099953025870384626 0.20000000000000001 0.29985907761115382 
15.603960396039604 0.099994108056001049 0.20000000000000001 0.29998232416800308 
15.623762376237623 0.10003819665943944 0.20000000000000001 0.30011458997831825 
15.643564356435643 0.10008550877730596 0.20000000000000001 0.30025652633191791 
15.663366336633663 0.10013501901468291 0.20000000000000001 0.30040505704404863 
15.683168316831683 0.10018683168695029 0.20000000000000001 0.30056049506085092 
15.702970297029703 0.10023978197701136 0.20000000000000001 0.30071934593103411 
15.722772277227723 0.10029386856151044 0.20000000000000001 0.30088160568453132 
15.742574257425742 0.10034779510874198 0.20000000000000001 0.30104338532622588 
15.762376237623762 0.10040146684162116 0.20000000000000001 0.30120440052486341 
15.782178217821782 0.10045346901079368 0.20000000000000001 0.30136040703238104 
15.801980198019802 0.10050363116383029 0.20000000000000001 0.30151089349149085 
15.821782178217822 0.10055043904782807 0.20000000000000001 0.30165131714348409 
15.841584158415841 0.100593670607917 0.20000000000000001 0.30178101182375106 
15.861386138613861 0.10063173758511712 0.20000000000000001 0.30189521275535136 
15.881188118811881 0.10066439751266446 0.20000000000000001 0.30199319253799339 
15.900990099009901 0.10069002107363981 0.20000000000000001 0.30207006322091939 
15.920792079207921 0.10070838459618436 0.20000000000000001 0.30212515378855309 
15.940594059405941 0.10071785901547603 0.20000000000000001 0.30215357704642809 
15.96039603960396 0.10071828758426976 0.20000000000000001 0.30215486275280906 
15.98019801980198 0.10070809203728286 0.20000000000000001 0.30212427611184861 
16 0.10068724042818424 0.20000000000000001 0.30206172128455278 
16.019801980198022 0.10065426581122378 0.20000000000000001 0.30196279743367133 
16.03960396039604 0.10060932928805613 0.20000000000000001 0.30182798786416831 
16.059405940594061 0.10055114618896376 0.20000000000000001 0.3016534385668912 
16.079207920792079 0.10048014956387513 0.20000000000000001 0.30144044869162545 
16.099009900990101 0.10039531844896508 0.20000000000000001 0.30118595534689518 
16.118811881188119 0.10029744717124317 0.20000000000000001 0.3008923415137294 
16.138613861386141 0.10018586980946829 0.20000000000000001 0.30055760942840481 
16.158415841584159 0.10006184081082568 0.20000000000000001 0.30018552243247704 
16.17821782178218 0.099925149183489284 0.20000000000000001 0.29977544755046787 
16.198019801980198 0.099777616058509364 0.20000000000000001 0.29933284817552808 
16.21782178217822 0.09961959148389872 0.20000000000000001 0.29885877445169601 
16.237623762376238 0.09945357469516955 0.20000000000000001 0.29836072408550868 
16.257425742574256 0.099280585683481665 0.20000000000000001 0.29784175705044508 
16.277227722772277 0.099103913904087751 0.20000000000000001 0.29731174171226321 
16.297029702970296 0.09892535654515322 0.20000000000000001 0.29677606963545949 
16.316831683168317 0.098749099808741761 0.20000000000000001 0.29624729942622524 
16.336633663366335 0.098577820485563142 0.20000000000000001 0.29573346145668949 
16.356435643564357 0.098416553788396935 0.20000000000000001 0.29524966136519076 
16.376237623762375 0.098268080249040546 0.20000000000000001 0.29480424074712169 
16.396039603960396 0.098136935190546795 0.20000000000000001 0.2944108055716404 
16.415841584158414 0.098025166836478494 0.20000000000000001 0.29407550050943559 
16.435643564356436 0.097936676968766248 0.20000000000000001 0.2938100309062987 
16.455445544554454 0.097872792297970759 0.20000000000000001 0.29361837689391224 
16.475247524752476 0.097836801287390113 0.20000000000000001 0.29351040386217025 
16.495049504950494 0.097829326155304902 0.20000000000000001 0.29348797846591468 
16.514851485148515 0.097853070508523002 0.20000000000000001 0.29355921152556891 
16.534653465346533 0.097907970238297171 0.20000000000000001 0.29372391071489151 
16.554455445544555 0.097996172891901295 0.20000000000000001 0.29398851867570391 
16.574257425742573 0.098116941100045985 0.20000000000000001 0.2943508233001379 
16.594059405940595 0.098271889877142873 0.20000000000000001 0.29481566963142869 
16.613861386138613 0.098459611423286131 0.20000000000000001 0.29537883426985828 
16.633663366336634 0.09868120238068781 0.20000000000000001 0.29604360714206346 
16.653465346534652 0.098934573148999699 0.20000000000000001 0.29680371944699907 
16.673267326732674 0.099220303981414779 0.20000000000000001 0.29766091194424432 
16.693069306930692 0.099535594961196572 0.20000000000000001 0.29860678488358966 
16.712871287128714 0.099880498073633542 0.20000000000000001 0.29964149422090064 
16.732673267326732 0.10025145532039141 0.20000000000000001 0.30075436596117416 
16.752475247524753 0.10064796402537141 0.20000000000000001 0.30194389207611416 
16.772277227722771 0.10106563970014013 0.20000000000000001 0.30319691910042035 
16.792079207920793 0.10150338447750952 0.20000000000000001 0.30451015343252857 
16.811881188118811 0.10195589757376709 0.20000000000000001 0.30586769272130132 
16.831683168316832 0.10242143280178975 0.20000000000000001 0.30726429840536928 
16.85148514851485 0.10289366177850698 0.20000000000000001 0.30868098533552085 
16.871287128712872 0.10337012726343101 0.20000000000000001 0.31011038179029293 
16.89108910891089 0.10384334111262861 0.20000000000000001 0.31153002333788571 
16.910891089108912 0.10431006767487944 0.20000000000000001 0.31293020302463825 
16.93069306930693 0.10476150757393377 0.20000000000000001 0.3142845227218013 
16.950495049504951 0.10519358258392933 0.20000000000000001 0.31558074775178802 
16.970297029702969 0.10559601395617084 0.20000000000000001 0.31678804186851234 
16.990099009900991 0.10596383190388428 0.20000000000000001 0.31789149571165282 
17.009900990099009 0.10628509732554672 0.20000000000000001 0.31885529197664014 
17.029702970297031 0.10655393331630862 0.20000000000000001 0.31966179994892574 
17.049504950495049 0.10675655131026009 0.20000000000000001 0.32026965393078022 
17.06930693069307 0.10688621313995027 0.20000000000000001 0.32065863941985084 
17.089108910891088 0.10692708763415643 0.20000000000000001 0.32078126290246922 
17.10891089108911 0.10687172653664212 0.20000000000000001 0.3206151796099263 
17.128712871287128 0.10670205762759265 0.20000000000000001 0.32010617288277793 
17.14851485148515 0.10641025136760646 0.20000000000000001 0.3192307541028192 
17.168316831683168 0.10597576988253132 0.20000000000000001 0.31792730964759391 
17.188118811881189 0.10539103924850976 0.20000000000000001 0.31617311774552925 
17.207920792079207 0.10463272017879287 0.20000000000000001 0.31389816053637853 
17.227722772277229 0.10369471588632435 0.20000000000000001 0.31108414765897302 
17.247524752475247 0.10255012696089005 0.20000000000000001 0.30765038088267005 
17.267326732673268 0.10119690967839771 0.20000000000000001 0.30359072903519302 
17.287128712871286 0.099602083951672526 0.20000000000000001 0.29880625185501763 
17.306930693069308 0.097774997312717521 0.20000000000000001 0.29332499193815259 
17.326732673267326 0.095663218134241876 0.20000000000000001 0.28698965440272561 
17.346534653465348 0.093513746725730443 0.20000000000000001 0.28054124017719134 
17.366336633663366 0.091579125961817123 0.20000000000000001 0.27473737788545133 
17.386138613861387 0.089822090272128993 0.20000000000000001 0.26946627081638697 
17.405940594059405 0.088264611667860107 0.20000000000000001 0.26479383500358028 
17.425742574257427 0.086888390516221298 0.20000000000000001 0.26066517154866375 
17.445544554455445 0.085703879440783726 0.20000000000000001 0.25711163832235112 
17.465346534653467 0.084698252600985735 0.20000000000000001 0.25409475780295704 
17.485148514851485 0.083877530388847349 0.20000000000000001 0.25163259116654202 
17.504950495049506 0.083231761933748177 0.20000000000000001 0.24969528580124448 
17.524752475247524 0.082765028280868708 0.20000000000000001 0.2482950848426061 
17.544554455445546 0.082469498785976952 0.20000000000000001 0.2474084963579308 
17.564356435643564 0.082348548098869212 0.20000000000000001 0.24704564429660764 
17.584158415841586 0.082396197166796414 0.20000000000000001 0.24718859150038922 
17.603960396039604 0.082615823452983045 0.20000000000000001 0.24784747035894911 
17.623762376237625 0.083003184993061557 0.20000000000000001 0.24900955497918464 
17.643564356435643 0.083562102977778482 0.20000000000000001 0.25068630893333538 
17.663366336633665 0.084290011641648982 0.20000000000000001 0.25287003492494681 
17.683168316831683 0.085191464522111002 0.20000000000000001 0.25557439356633299 
17.702970297029704 0.086265532417404672 0.20000000000000001 0.25879659725221404 
17.722772277227723 0.087517699483128666 0.20000000000000001 0.26255309844938596 
17.742574257425744 0.08894864482439635 0.20000000000000001 0.26684593447318894 
17.762376237623762 0.090564927333538103 0.20000000000000001 0.2716947820006142 
17.782178217821784 0.092368815017267736 0.20000000000000001 0.27710644505180321 
17.801980198019802 0.094368053486835218 0.20000000000000001 0.28310416046050563 
17.821782178217823 0.096566488476177478 0.20000000000000001 0.28969946542853253 
17.841584158415841 0.098973145583542199 0.20000000000000001 0.2969194367506266 
17.861386138613863 0.10159344464181955 0.20000000000000001 0.3047803339254585 
17.881188118811881 0.10443777368148294 0.20000000000000001 0.31331332104444887 
17.900990099009903 0.1075131291753728 0.20000000000000001 0.32253938752611838 
17.920792079207921 0.11083133744011435 0.20000000000000001 0.33249401232034304 
17.940594059405942 0.1144009781642307 0.20000000000000001 0.34320293449269212 
17.96039603960396 0.11823538707270471 0.20000000000000001 0.35470616121811421 
17.980198019801982 0.12234473501321363 0.20000000000000001 0.36703420503964079 
18 0.12674393404471651 0.20000000000000001 0.38023180213414959 
18.019801980198022 0.13144475274662457 0.20000000000000001 0.39433425823987373 
18.03960396039604 0.13646374250640766 0.20000000000000001 0.40939122751922297 
18.059405940594061 0.14181427277565489 0.20000000000000001 0.42544281832696462 
18.079207920792079 0.147514594620859 0.20000000000000001 0.44254378386257681 
18.099009900990101 0.15357967784541851 0.20000000000000001 0.46073903353625556 
18.118811881188119 0.16002953499838454 0.20000000000000001 0.4800886049951536 
18.138613861386141 0.16688073537426357 0.20000000000000001 0.50064220612279053 
18.158415841584159 0.17415512580882217 0.20000000000000001 0.52246537742646648 
18.17821782178218 0.18187088315535832 0.20000000000000001 0.54561264946607491 
18.198019801980198 0.19005179145384471 0.20000000000000001 0.57015537436153396 
18.21782178217822 0.19871767016294889 0.20000000000000001 0.59615301048884672 
18.237623762376238 0.20789440956543065 0.20000000000000001 0.62368322869629189 
18.257425742574256 0.21760356108638007 0.20000000000000001 0.65281068325914016 
18.277227722772277 0.22787342928203655 0.20000000000000001 0.68362028784610984 
18.297029702970296 0.23872744920975966 0.20000000000000001 0.7161823476292789 
18.316831683168317 0.25019700711499782 0.20000000000000001 0.75059102134499356 
18.336633663366335 0 0 0 
18.356435643564357 0 0 0 
18.376237623762375 0 0 0 
18.396039603960396 0 0 0 
18.415841584158414 0 0 0 
18.435643564356436 0 0 0 
18.455445544554454 0 0 0 
18.475247524752476 0 0 0 
18.495049504950494 0 0 0 
18.514851485148515 0 0 0 
18.534653465346533 0 0 0 
18.554455445544555 0 0 0 
18.574257425742573 0 0 0 
18.594059405940595 0 0 0 
18.613861386138613 0 0 0 
18.633663366336634 0 0 0 
18.653465346534652 0 0 0 
18.673267326732674 0 0 0 
18.693069306930692 0 0 0 
18.712871287128714 0 0 0 
18.732673267326732 0 0 0 
18.752475247524753 0 0 0 
18.772277227722771 0 0 0 
18.792079207920793 0 0 0 
18.811881188118811 0 0 0 
18.831683168316832 0 0 0 
18.85148514851485 0 0 0 
18.871287128712872 0 0 0 
18.89108910891089 0 0 0 
18.910891089108912 0 0 0 
18.93069306930693 0 0 0 
18.950495049504951 0 0 0 
18.970297029702969 0 0 0 
18.990099009900991 0 0 0 
19.009900990099009 0 0 0 
19.029702970297031 0 0 0 
19.049504950495049 0 0 0 
19.06930693069307 0 0 0 
19.089108910891088 0 0 0 
19.10891089108911 0 0 0 
19.128712871287128 0 0 0 
19.14851485148515 0 0 0 
19.168316831683168 0 0 0 
19.188118811881189 0 0 0 
19.207920792079207 0 0 0 
19.227722772277229 0 0 0 
19.247524752475247 0 0 0 
19.267326732673268 0 0 0 
19.287128712871286 0 0 0 
19.306930693069308 0 0 0 
19.326732673267326 0 0 0 
19.346534653465348 0 0 0 
19.366336633663366 0 0 0 
19.386138613861387 0 0 0 
19.405940594059405 0 0 0 
19.425742574257427 0 0 0 
19.445544554455445 0 0 0 
19.465346534653467 0 0 0 
19.485148514851485 0 0 0 
19.504950495049506 0 0 0 
19.524752475247524 0 0 0 
19.544554455445546 0 0 0 
19.564356435643564 0 0 0 
19.584158415841586 0 0 0 
19.603960396039604 0 0 0 
19.623762376237625 0 0 0 
19.643564356435643 0 0 0 
19.663366336633665 0 0 0 
19.683168316831683 0 0 0 
19.702970297029704 0 0 0 
19.722772277227723 0 0 0 
19.742574257425744 0 0 0 
19.762376237623762 0 0 0 
19.782178217821784 0 0 0 
19.801980198019802 0 0 0 
19.821782178217823 0 0 0 
